9 0.5692934782608695 0.5565749235474006 0.0625 0.06931702344546381
9 0.7275815217391305 0.6136595310907238 0.07336956521739131 0.0744138634046891
9 0.8036684782608695 0.5632008154943935 0.11956521739130435 0.08868501529051988
9 0.798233695652174 0.44852191641182465 0.06793478260869565 0.034658511722731905
9 0.8091032608695652 0.38837920489296635 0.043478260869565216 0.04994903160040775
9 0.6433423913043478 0.4306829765545362 0.04891304347826087 0.023445463812436288
9 0.6752717391304348 0.5718654434250765 0.033967391304347824 0.0509683995922528
9 0.19972826086956522 0.5937818552497451 0.08831521739130435 0.04383282364933741
9 0.21671195652173914 0.4954128440366973 0.08152173913043478 0.03669724770642202
9 0.14198369565217392 0.4240570846075433 0.07880434782608696 0.08154943934760449
9 0.15489130434782608 0.24413863404689093 0.12092391304347826 0.07339449541284404
9 0.7554347826086957 0.27522935779816515 0.058423913043478264 0.047910295616717634
9 0.6148097826086957 0.24974515800203873 0.08288043478260869 0.027522935779816515
9 0.33220108695652173 0.3486238532110092 0.05570652173913043 0.027522935779816515
9 0.421195652173913 0.49184505606523954 0.057065217391304345 0.05402650356778797
9 0.4735054347826087 0.49745158002038736 0.033967391304347824 0.046890927624872576
9 0.514266304347826 0.48114169215086644 0.042119565217391304 0.03058103975535168
9 0.49796195652173914 0.40061162079510704 0.08288043478260869 0.046890927624872576
9 0.37296195652173914 0.308868501529052 0.13179347826086957 0.0581039755351682
9 0.3335597826086957 0.0417940876656473 0.057065217391304345 0.02854230377166157
9 0.561141304347826 0.1692150866462793 0.035326086956521736 0.04383282364933741
9 0.595108695652174 0.1401630988786952 0.051630434782608696 0.022426095820591234
9 0.7384510869565217 0.024464831804281346 0.04891304347826087 0.04892966360856269
9 0.6725543478260869 0.1564729867482161 0.051630434782608696 0.020387359836901122
9 0.485054347826087 0.040265035677879715 0.04076086956521739 0.039755351681957186
9 0.48097826086956524 0.20998980632008155 0.051630434782608696 0.04383282364933741
9 0.22010869565217392 0.1325178389398573 0.028532608695652172 0.03363914373088685
9 0.6127717391304348 0.29714576962283384 0.051630434782608696 0.05708460754332314
9 0.04619565217391304 0.31855249745158004 0.051630434782608696 0.0672782874617737
9 0.08967391304347826 0.3302752293577982 0.0625 0.03567787971457696
9 0.23980978260869565 0.36646279306829765 0.09510869565217392 0.045871559633027525
9 0.3389945652173913 0.21967380224260957 0.04891304347826087 0.020387359836901122
9 0.27241847826086957 0.19928644240570845 0.03804347826086957 0.0326197757390418
9 0.3220108695652174 0.10295616717635066 0.04483695652173913 0.02854230377166157
9 0.4748641304347826 0.14933741080530072 0.033967391304347824 0.040774719673802244
9 0.5577445652173914 0.08817533129459736 0.025815217391304348 0.03567787971457696
9 0.6684782608695652 0.08613659531090724 0.07336956521739131 0.03363914373088685
9 0.14741847826086957 0.0728848114169215 0.05434782608695652 0.05402650356778797
9 0.020380434782608696 0.03160040774719674 0.04076086956521739 0.040774719673802244
9 0.044157608695652176 0.0672782874617737 0.08831521739130435 0.11213047910295616
9 0.07676630434782608 0.109072375127421 0.025815217391304348 0.02854230377166157
9 0.18206521739130435 0.13761467889908258 0.04483695652173913 0.03160040774719674
9 0.4476902173913043 0.05963302752293578 0.16168478260869565 0.11926605504587157
9 0.6739130434782609 0.20846075433231395 0.0625 0.04281345565749235
9 0.7085597826086957 0.25229357798165136 0.028532608695652172 0.04281345565749235
9 0.609375 0.34658511722731905 0.04483695652173913 0.05504587155963303
9 0.5387228260869565 0.2981651376146789 0.09103260869565218 0.0672782874617737
9 0.021059782608695652 0.3965341488277268 0.033967391304347824 0.03058103975535168
9 0.09375 0.4138634046890928 0.057065217391304345 0.059123343527013254
9 0.033967391304347824 0.48267074413863403 0.051630434782608696 0.03160040774719674
9 0.09986413043478261 0.5326197757390418 0.08831521739130435 0.0417940876656473
9 0.024456521739130436 0.5718654434250765 0.04891304347826087 0.039755351681957186
9 0.030570652173913044 0.6029561671763507 0.06114130434782609 0.08154943934760449
9 0.3804347826086957 0.6340468909276249 0.058423913043478264 0.029561671763506627
9 0.43070652173913043 0.599388379204893 0.08288043478260869 0.039755351681957186
9 0.657608695652174 0.49745158002038736 0.03804347826086957 0.03669724770642202
9 0.40964673913043476 0.4418960244648318 0.04076086956521739 0.045871559633027525
9 0.7608695652173914 0.7757390417940877 0.07608695652173914 0.0509683995922528
9 0.8899456521739131 0.6269113149847095 0.07880434782608696 0.05708460754332314
9 0.9870923913043478 0.5417940876656473 0.025815217391304348 0.0652395514780836
9 0.7302989130434783 0.8481141692150866 0.06385869565217392 0.05504587155963303
9 0.5699728260869565 0.9617737003058104 0.08152173913043478 0.05402650356778797
9 0.2112771739130435 0.7410805300713558 0.08559782608695653 0.03058103975535168
9 0.8104619565217391 0.7130479102956168 0.07880434782608696 0.034658511722731905
9 0.9368206521739131 0.6870540265035678 0.06385869565217392 0.03567787971457696
9 0.10190217391304347 0.9225280326197758 0.04483695652173913 0.04892966360856269
9 0.9497282608695652 0.7895005096839959 0.10054347826086957 0.08664627930682976
9 0.8369565217391305 0.8124362895005097 0.07744565217391304 0.07951070336391437
9 0.625 0.6605504587155964 0.11277173913043478 0.09378185524974515
9 0.7846467391304348 0.9576962283384302 0.11684782608695653 0.08460754332313965
9 0.9279891304347826 0.908256880733945 0.14402173913043478 0.11518858307849134