0 0.6650390625 0.7377572136012586 0.235107421875 0.3725351294336384
0 0.75537109375 0.056138376895022886 0.0966796875 0.09254228605012872
0 0.6083984375 0.16680195893521166 0.139404296875 0.17583572073441076
0 0.32861328125 0.48137045015732266 0.154541015625 0.2114330440145881
0 0.342041015625 0.34779982926916475 0.1417236328125 0.1743300937678776
0 0.6455078125 0.05963358235304634 0.0816650390625 0.08098122184282036
0 0.5517578125 0.2929519897740275 0.08740234375 0.12346141125572083
0 0.478515625 0.720980227402746 0.1859130859375 0.1802450568506865
0 0.2440185546875 0.2254138658466819 0.06768798828125 0.08006709118456808
0 0.062896728515625 0.8065858749284897 0.12579345703125 0.17615835508438216
0 0.7900390625 0.33446427613701374 0.06671142578125 0.11249184335669336
0 0.6220703125 0.3114496925057208 0.1363525390625 0.1502400623033467
0 0.35888671875 0.8762748945223112 0.20947265625 0.2439115685783753
0 0.6455078125 0.43448092462814647 0.1336669921875 0.22197243278032036
0 0.1302490234375 0.26778651047625857 0.058013916015625 0.08081990466783467
0 0.143798828125 0.3359699031035469 0.0743408203125 0.1102334029068936
0 0.85888671875 0.054283229382687356 0.1044921875 0.10856645876537471
0 0.0464324951171875 0.9334887192505721 0.092864990234375 0.12754811302202518
0 0.07891845703125 0.27746554097540044 0.06085205078125 0.13830259135440504
0 0.951171875 0.6052620405463387 0.09619140625 0.23229673197940504
0 0.412353515625 0.26886195830949655 0.089111328125 0.11582573163973112
0 0.429931640625 0.46029167262585813 0.0755615234375 0.1966994086992277
0 0.677734375 0.10802873484875572 0.1334228515625 0.10093077914938502
0 0.2470703125 0.33209829090389015 0.0640869140625 0.08049727031786327
0 0.54638671875 0.8992331218937715 0.139892578125 0.2015337562124571
0 0.8759765625 0.5144942434210527 0.169921875 0.27144303310926776
0 0.487060546875 0.24778318077803205 0.07586669921875 0.12120297080592106
0 0.70458984375 0.5192262138872997 0.129638671875 0.19067690083309496
0 0.9457244873046875 0.3551128745351831 0.108551025390625 0.10781364528210813
0 0.73291015625 0.35425251626859267 0.04876708984375 0.11453519423984554
0 0.93212890625 0.05086868251215675 0.041229248046875 0.06404291846932209
0 0.892578125 0.12098788123927345 0.0738525390625 0.06393537368599829
0 0.9756393432617188 0.051540837407930494 0.0487213134765625 0.05764400386155606
0 0.69775390625 0.38673104083237986 0.08331298828125 0.19938802828232266
0 0.036285400390625 0.7351761388014875 0.0706787109375 0.13787241222110985
0 0.515625 0.4727668674914188 0.1287841796875 0.22154225364702518
0 0.0313720703125 0.2566018530105835 0.061981201171875 0.16077945106907895
0 0.25661377129272633 0.6802494975035014 0.25348728284519295 0.31125754033236464
0 0.251953125 0.6758114184067505 0.19189453125 0.2884351088744279
0 0.174072265625 0.5123433477545767 0.1304931640625 0.15593993581950802
0 0.0753173828125 0.5532103654176201 0.1470947265625 0.2501491660111556
0 0.45361328125 0.2559565843106407 0.1417236328125 0.15787574191933637
0 0.828125 0.45340880649313503 0.18359375 0.22498368671338673
0 0.0484161376953125 0.48653259975686497 0.096832275390625 0.11292202248998856
0 0.473876953125 0.35016581450228834 0.12744140625 0.08528301317577232
0 0.75439453125 0.21551974578089245 0.1334228515625 0.19099953518306637
0 0.93017578125 0.19164480388300914 0.1370849609375 0.20541053614845536
0 0.43212890625 0.3028461098398169 0.076416015625 0.09856479391626144
0 0.11181640625 0.8844482980549199 0.205322265625 0.22993074674628147
0 0.8408203125 0.13077445652173914 0.05059814453125 0.06431178042763158
0 0.84228515625 0.35532796410183065 0.06463623046875 0.061354298886227114
0 0.78466796875 0.9578181426094108 0.194091796875 0.08436371478117849
0 0.42578125 0.5983791744136155 0.0863037109375 0.09781198043299486
0 0.038177490234375 0.6026809657465675 0.05877685546875 0.1502400623033467
0 0.224609375 0.27897116794193366 0.06512451171875 0.054659636124320655
0 0.9375 0.9471980952561856 0.122314453125 0.10560380948762872
0 0.97943115234375 0.8878897311212814 0.0411376953125 0.11496537337314074
0 0.7744140625 0.3841499660326087 0.0504150390625 0.052938919591139874
0 0.8369140625 0.29510288544050345 0.06536865234375 0.07248518396024027
0 0.9756851196289062 0.01798686501090532 0.0486297607421875 0.03597373002181064
0 0.9140625 0.6938789420051488 0.1134033203125 0.14056103180420482
0 0.935028076171875 0.8371285933924485 0.12994384765625 0.10528634287399885
0 0.8125 0.44308450729405036 0.057281494140625 0.0787227813930206
0 0.1312255859375 0.4258773419622426 0.0753173828125 0.04654000498337386
0 0.408203125 0.2662808835097254 0.077392578125 0.10609292874892734
0 0.95458984375 0.0941016854083238 0.07904052734375 0.06124675410290332
0 0.6044921875 0.24434174771167047 0.1339111328125 0.11292202248998856
0 0.51904296875 0.5755796803489702 0.12548828125 0.07915296052631579
0 0.318359375 0.17680362378432493 0.049957275390625 0.06065525779462243
0 0.446044921875 0.3355397239702517 0.054901123046875 0.05097622729548055
0 0.8056640625 0.8896104476544623 0.1285400390625 0.07700206485983982
0 0.7802734375 0.6069827570795194 0.06890869140625 0.12163314993921624