8 0.15928270042194093 0.07527733755942947 0.26582278481012656 0.13153724247226625
8 0.350210970464135 0.08557844690966719 0.1308016877637131 0.1045958795562599
8 0.4641350210970464 0.089540412044374 0.12447257383966245 0.12678288431061807
8 0.5875527426160337 0.0832012678288431 0.1308016877637131 0.11251980982567353
8 0.7436708860759493 0.09984152139461172 0.15611814345991562 0.15689381933438987
8 0.8924050632911392 0.08399366085578447 0.1350210970464135 0.12519809825673534
8 0.09177215189873418 0.22979397781299524 0.16244725738396623 0.14896988906497624
8 0.25843881856540085 0.23613312202852615 0.16666666666666666 0.21711568938193343
8 0.40822784810126583 0.22741679873217116 0.11181434599156118 0.12202852614896989
8 0.5664556962025317 0.2202852614896989 0.18354430379746836 0.16323296354992076
8 0.7151898734177216 0.23454833597464342 0.12025316455696203 0.11568938193343899
8 0.8765822784810127 0.2179080824088748 0.1729957805907173 0.1600633914421553
8 0.8713080168776371 0.375594294770206 0.21308016877637131 0.14263074484944532
8 0.6972573839662447 0.3510301109350238 0.12025316455696203 0.12519809825673534
8 0.54957805907173 0.3526148969889065 0.12236286919831224 0.10935023771790808
8 0.39767932489451474 0.3763866877971474 0.14345991561181434 0.1537242472266244
8 0.2542194092827004 0.3993660855784469 0.10759493670886076 0.12361331220285261
8 0.12025316455696203 0.39144215530903326 0.17721518987341772 0.15530903328050713
8 0.09177215189873418 0.5301109350237718 0.1308016877637131 0.1045958795562599
8 0.2521097046413502 0.5293185419968305 0.1751054852320675 0.11410459587955626
8 0.4008438818565401 0.5372424722662441 0.09071729957805907 0.1410459587955626
8 0.5369198312236287 0.5 0.13924050632911392 0.1838351822503962
8 0.7078059071729957 0.5 0.15611814345991562 0.1537242472266244
8 0.8860759493670886 0.5031695721077655 0.12236286919831224 0.12678288431061807
8 0.8987341772151899 0.6141045958795562 0.11814345991561181 0.10935023771790808
8 0.8818565400843882 0.7527733755942948 0.16244725738396623 0.18858954041204437
8 0.8850210970464135 0.9001584786053882 0.16666666666666666 0.1410459587955626
8 0.7204641350210971 0.9088748019017433 0.14135021097046413 0.11885895404120443
8 0.5675105485232067 0.9049128367670365 0.13924050632911392 0.12678288431061807
8 0.41455696202531644 0.9128367670364501 0.12025316455696203 0.13153724247226625
8 0.25843881856540085 0.8922345483359746 0.1350210970464135 0.14896988906497624
8 0.10021097046413502 0.9033280507131537 0.1540084388185654 0.15847860538827258
8 0.7215189873417721 0.7812995245641838 0.1540084388185654 0.12361331220285261
8 0.5812236286919831 0.7852614896988906 0.14345991561181434 0.15055467511885895
8 0.39556962025316456 0.6481774960380349 0.16877637130801687 0.13946117274167988
8 0.7109704641350211 0.6434231378763867 0.25738396624472576 0.17274167987321712
8 0.5411392405063291 0.652931854199683 0.11814345991561181 0.15689381933438987
8 0.4029535864978903 0.7797147385103012 0.21729957805907174 0.14263074484944532
8 0.24261603375527427 0.777337559429477 0.16244725738396623 0.11251980982567353
8 0.0970464135021097 0.7702060221870047 0.15611814345991562 0.11727416798732171
8 0.08860759493670886 0.6481774960380349 0.1350210970464135 0.11251980982567353
8 0.23312236286919832 0.6561014263074485 0.1540084388185654 0.12678288431061807