3 0.8364978902953587 0.5649419218585006 0.21729957805907174 0.1562829989440338
3 0.7943037974683544 0.749208025343189 0.29957805907172996 0.07180570221752904
3 0.7943037974683544 0.73389651531151 0.29957805907172996 0.10665258711721225
3 0.8639240506329114 0.5670538542766631 0.16033755274261605 0.15522703273495247
3 0.5284810126582279 0.7455121436114044 0.17721518987341772 0.08130939809926083
3 0.3280590717299578 0.7470960929250264 0.189873417721519 0.08236536430834214
3 0.14029535864978904 0.7481520591341078 0.17721518987341772 0.08342133051742344
3 0.18565400843881857 0.5997888067581837 0.3227848101265823 0.06546990496304118
3 0.520042194092827 0.6019007391763463 0.3270042194092827 0.08447729672650475
3 0.6782700421940928 0.5195353748680043 0.14767932489451477 0.1119324181626188
3 0.5369198312236287 0.4931362196409715 0.0759493670886076 0.11087645195353749
3 0.3649789029535865 0.5036958817317846 0.189873417721519 0.09503695881731784
3 0.15928270042194093 0.5179514255543822 0.16666666666666666 0.10559662090813093
3 0.7563291139240507 0.40601900739176344 0.3227848101265823 0.08870116156282999
3 0.8154008438818565 0.23495248152059134 0.29324894514767935 0.1795142555438226
3 0.3512658227848101 0.19746568109820486 0.6350210970464135 0.2375923970432946
3 0.4978902953586498 0.17634635691657866 0.9409282700421941 0.2840549102428722
3 0.5305907172995781 0.4007391763463569 0.08227848101265822 0.09503695881731784
3 0.399789029535865 0.3885955649419219 0.10970464135021098 0.10559662090813093
3 0.16139240506329114 0.4033790918690602 0.189873417721519 0.0908130939809926
3 0.8786919831223629 0.8410770855332629 0.0759493670886076 0.08658922914466737
3 0.6845991561181435 0.8437170010559663 0.25316455696202533 0.08342133051742344
3 0.4166666666666667 0.8410770855332629 0.26371308016877637 0.07180570221752904
3 0.1571729957805907 0.8442449841605069 0.23628691983122363 0.08236536430834214
3 0.5052742616033755 0.9435058078141499 0.2721518987341772 0.08130939809926083
3 0.7953586497890295 0.9392819429778247 0.27848101265822783 0.08236536430834214
3 0.20569620253164558 0.941921858500528 0.28270042194092826 0.08342133051742344