11 0.1596840659340659 0.45076595805179304 0.3193681318681318 0.7145839765009746
11 0.6413118131868131 0.5125663077658996 0.5374313186813185 0.23103263065005192
11 0.7849702730283631 0.23090986580595826 0.15853944715562754 0.46181973161191653
11 0.7712912087912087 0.671119253794465 0.4574175824175826 0.5275570974434833
11 0.263671875 0.16269073996655517 0.1533203125 0.32172345317725753
11 0.52294921875 0.9466973244147158 0.4013671875 0.10013848244147157
11 0.415771484375 0.790133779264214 0.343994140625 0.35866952341137126
11 0.1513671875 0.13095735785953178 0.1483154296875 0.26045150501672243
11 0.392578125 0.07768734322742475 0.2186279296875 0.15354567307692307
11 0.0809326171875 0.19478992474916387 0.1591796875 0.20155727424749165
11 0.8046875 0.39689590301003347 0.375 0.1383648620401338
11 0.64453125 0.06282660953177258 0.1451416015625 0.12565321906354515
11 0.232177734375 0.05375013064381271 0.060638427734375 0.10750026128762542
11 0.35546875 0.31093227424749165 0.32568359375 0.6021112040133779
11 0.9052734375 0.07119434573578595 0.162109375 0.13964517140468227
11 0.0243377685546875 0.0733434364548495 0.047943115234375 0.14156563545150502
11 0.0425872802734375 0.7455058528428093 0.085174560546875 0.1792433110367893
11 0.8828125 0.3487928511705686 0.09332275390625 0.05404734531772575
11 0.438720703125 0.24325877926421405 0.081787109375 0.0892101275083612
11 0.0780029296875 0.6013795986622074 0.156005859375 0.4360367892976589
11 0.55712890625 0.15382002508361203 0.2081298828125 0.11102111204013378
11 0.53857421875 0.3690948996655518 0.21044921875 0.15171665969899664
11 0.063720703125 0.06154630016722408 0.06982421875 0.1006871864548495
11 0.79541015625 0.4704222408026756 0.1456298828125 0.9086538461538461
11 0.853515625 0.045862510451505016 0.06597900390625 0.09172502090301003
11 0.53955078125 0.24033235785953178 0.1661376953125 0.19222930602006688
11 0.7646484375 0.045702471780936456 0.1248779296875 0.09085623954849498
11 0.56640625 0.025354697951505016 0.0703125 0.0477372491638796
11 0.52880859375 0.6339360367892977 0.49365234375 0.15171665969899664
11 0.942474365234375 0.30197010869565216 0.11505126953125 0.12912834448160534
11 0.8564453125 0.19076609531772576 0.08062744140625 0.09849237040133779
11 0.529296875 0.18911998327759197 0.109130859375 0.0748523724916388
11 0.9638671875 0.1601301212374582 0.059326171875 0.0892101275083612
11 0.196533203125 0.3524508779264214 0.09136962890625 0.1935096153846154
11 0.0206298828125 0.7103887959866221 0.041259765625 0.08902722617056856
11 0.983306884765625 0.1383648620401338 0.03338623046875 0.1579353051839465
11 0.6083984375 0.07709291387959866 0.063720703125 0.07869330058528429
11 0.74951171875 0.8625627090301003 0.06475830078125 0.08902722617056856
11 0.06756591796875 0.3658026755852843 0.1351318359375 0.2588053929765886
11 0.0413818359375 0.019216071801839464 0.059326171875 0.03779198892140468
11 0.6572265625 0.3736674331103679 0.180419921875 0.10361360785953178
11 0.7080078125 0.3182483277591973 0.0753173828125 0.056470788043478264
11 0.72705078125 0.8954849498327759 0.0723876953125 0.09273097826086957
11 0.30712890625 0.035368546195652176 0.04742431640625 0.06771922031772576
11 0.90966796875 0.039449532295150504 0.07330322265625 0.07889906459030101
11 0.9013671875 0.4879807692307692 0.070556640625 0.07041701505016723
11 0.91162109375 0.18244408444816054 0.061187744140625 0.07723008988294314
11 0.7314453125 0.4510346989966555 0.1422119140625 0.05829980142140468