1 0.10812236286919831 0.16204641350210972 0.10548523206751055 0.09027426160337552
1 0.3454641350210971 0.4611814345991561 0.08959915611814345 0.06008438818565401
1 0.1887130801687764 0.10156118143459916 0.11877637130801687 0.09753164556962024
1 0.13037974683544304 0.33447257383966245 0.07763713080168776 0.09436708860759493
1 0.5175738396624473 0.5078059071729958 0.07225738396624473 0.06348101265822785
1 0.35523206751054853 0.7119198312236287 0.0710548523206751 0.050316455696202536
1 0.20434599156118144 0.16455696202531644 0.11675105485232068 0.11065400843881858
1 0.5790928270042194 0.479746835443038 0.07006329113924051 0.061645569620253166
1 0.31616033755274264 0.29443037974683545 0.03911392405063291 0.050316455696202536
1 0.5273417721518987 0.19654008438818565 0.11394514767932488 0.2120464135021097
1 0.22827004219409283 0.4001476793248945 0.11474683544303797 0.08818565400843881
1 0.8325105485232068 0.3864767932489451 0.04751054852320675 0.04037974683544304
1 0.08124472573839663 0.625970464135021 0.08989451476793249 0.06267932489451478
1 0.7114345991561182 0.09320675105485232 0.10468354430379746 0.052616033755274266
1 0.600590717299578 0.5854430379746836 0.06029535864978903 0.025949367088607598
1 0.3286075949367088 0.4162658227848101 0.06244725738396625 0.06464135021097046
1 0.4494725738396625 0.09845991561181434 0.044852320675105486 0.0790506329113924
1 0.42381856540084384 0.5566455696202532 0.09156118143459915 0.08556962025316456
1 0.3945358649789029 0.23375527426160336 0.052025316455696205 0.04113924050632911
1 0.5146413502109705 0.3881856540084388 0.06421940928270042 0.044683544303797465
1 0.3906329113924051 0.7758860759493671 0.05550632911392405 0.06063291139240506
1 0.20531645569620252 0.31641350210970465 0.0790506329113924 0.09447257383966245
1 0.4357805907172996 0.31251054852320675 0.07556962025316456 0.03656118143459915
1 0.8144514767932489 0.2993248945147679 0.03689873417721519 0.031075949367088608
1 0.8549789029535865 0.4843670886075949 0.039957805907172995 0.01919831223628692
1 0.45238396624472577 0.48658227848101265 0.09485232067510549 0.08301687763713081
1 0.08080168776371308 0.36962025316455693 0.034303797468354436 0.033206751054852324
1 0.3041983122362869 0.6518565400843882 0.08417721518987341 0.04535864978902954
1 0.3779324894514768 0.03833333333333334 0.10559071729957806 0.07666666666666667
1 0.7627004219409282 0.6225527426160337 0.045253164556962024 0.0580168776371308
1 0.8696202531645569 0.6430590717299578 0.03554852320675106 0.02748945147679325
1 0.04689873417721519 0.16881856540084386 0.03080168776371308 0.025949367088607598
1 0.6118143459915611 0.3789029535864979 0.06635021097046413 0.052025316455696205
1 0.03377637130801688 0.6469831223628693 0.06561181434599156 0.04518987341772152
1 0.7627004219409282 0.2832067510548523 0.03090717299578059 0.0460126582278481
1 0.6459915611814345 0.4714345991561182 0.02289029535864979 0.02732067510548523
1 0.43432489451476797 0.7446202531645569 0.024135021097046412 0.04232067510548523
1 0.2119198312236287 0.5248945147679325 0.12316455696202532 0.058987341772151904
1 0.6621097046413501 0.36548523206751055 0.06409282700421941 0.05451476793248945
1 0.5380801687763713 0.7836919831223629 0.022194092827004217 0.03869198312236287
1 0.3371518987341772 0.24974683544303797 0.07122362869198312 0.04654008438818565
1 0.9223628691983122 0.32154008438818565 0.030210970464135022 0.049135021097046414
1 0.6694303797468355 0.17052742616033756 0.03282700421940928 0.03409282700421941
1 0.43603375527426164 0.2788185654008439 0.034430379746835445 0.025232067510548524
1 0.32689873417721516 0.5351476793248945 0.047341772151898734 0.04510548523206751
1 0.4819409282700422 0.4130801687763713 0.03493670886075949 0.05911392405063291
1 0.09008438818565402 0.23462025316455695 0.10449367088607595 0.08312236286919832
1 0.6914135021097046 0.5444303797468355 0.053016877637130796 0.0459493670886076
1 0.03949367088607595 0.06310126582278482 0.07147679324894515 0.08789029535864978
1 0.3417932489451477 0.12128691983122364 0.027257383966244726 0.02451476793248945
1 0.805168776371308 0.5268565400843882 0.024008438818565403 0.02810126582278481
1 0.48755274261603376 0.6293881856540084 0.14124472573839664 0.07666666666666667
1 0.5014556962025316 0.07238396624472575 0.028649789029535865 0.053016877637130796
1 0.026054852320675104 0.5254008438818565 0.05042194092827004 0.06732067510548523
1 0.49803797468354427 0.7348734177215189 0.042088607594936704 0.024472573839662448
1 0.3818354430379747 0.6567299578059073 0.10088607594936709 0.07544303797468355
1 0.3234810126582279 0.18786919831223628 0.04708860759493671 0.07518987341772151
1 0.9204008438818565 0.7011814345991562 0.03137130801687764 0.036012658227848104
1 0.635253164556962 0.6504008438818566 0.03759493670886076 0.03240506329113924
1 0.1829746835443038 0.24181434599156118 0.06322784810126582 0.05706751054852321
1 0.6538185654008439 0.11242616033755275 0.031561181434599156 0.019936708860759492
1 0.49535864978902955 0.164915611814346 0.053586497890295355 0.03561181434599156
1 0.6757805907172996 0.5361392405063291 0.02417721518987342 0.017721518987341773
1 0.30858649789029535 0.708987341772152 0.025337552742616034 0.023080168776371306
1 0.08930379746835443 0.42993670886075946 0.06683544303797469 0.06670886075949367
1 0.629873417721519 0.09808016877637131 0.025421940928270045 0.022573839662447255
1 0.05126582278481013 0.7138607594936709 0.0960126582278481 0.1019198312236287
1 0.7387763713080169 0.2993248945147679 0.024135021097046412 0.011160337552742617
1 0.708987341772152 0.4667932489451477 0.020569620253164556 0.01791139240506329
1 0.8520464135021097 0.5927637130801688 0.01837552742616034 0.025675105485232066
1 0.6889662447257384 0.43651898734177214 0.018502109704641348 0.017046413502109704
1 0.009240506329113924 0.22156118143459916 0.01691983122362869 0.0759915611814346
1 0.3090717299578059 0.620126582278481 0.02991561181434599 0.01238396624472574
1 0.14002109704641352 0.5659282700421941 0.033270042194092825 0.04567510548523206
1 0.6718776371308017 0.4663080168776371 0.021202531645569622 0.018881856540084386
1 0.13341772151898734 0.08869198312236287 0.02329113924050633 0.020569620253164556
1 0.37645569620253166 0.6035232067510549 0.03928270042194093 0.0370464135021097
1 0.025611814345991562 0.047784810126582276 0.030443037974683545 0.0409915611814346
1 0.16075949367088607 0.07531645569620254 0.042088607594936704 0.06512658227848102
1 0.395253164556962 0.11578059071729958 0.051455696202531646 0.02016877637130802
1 0.5610337552742616 0.7475527426160337 0.012721518987341772 0.024789029535864978
1 0.025379746835443036 0.20263713080168777 0.030843881856540082 0.019873417721518988
1 0.5820253164556962 0.18029535864978902 0.019535864978902952 0.014556962025316457
1 0.23829113924050632 0.041540084388185655 0.03548523206751055 0.027742616033755274
1 0.635253164556962 0.13647679324894516 0.0189873417721519 0.012763713080168776
1 0.6362236286919831 0.7236286919831224 0.015421940928270041 0.01379746835443038
1 0.3940506329113924 0.32054852320675103 0.06487341772151899 0.05550632911392405
1 0.614746835443038 0.5488185654008438 0.01658227848101266 0.012932489451476794
1 0.68457805907173 0.6782278481012659 0.014620253164556962 0.02042194092827004
1 0.6816455696202532 0.6528270042194093 0.017510548523206753 0.017172995780590717
1 0.03656118143459915 0.43481012658227847 0.03459915611814346 0.0440084388185654
1 0.6958016877637131 0.6059493670886077 0.015548523206751055 0.015253164556962026
1 0.2512236286919831 0.5585864978902954 0.058987341772151904 0.07183544303797468
1 0.6909282700421941 0.12525316455696203 0.14537974683544302 0.13
1 0.8549789029535865 0.7094725738396624 0.015611814345991562 0.015084388185654008
1 0.659662447257384 0.046392405063291134 0.015126582278481012 0.01651898734177215
1 0.014493670886075949 0.30297468354430385 0.02810126582278481 0.10649789029535864
1 0.05843881856540084 0.6967721518987341 0.011835443037974683 0.015358649789029536
1 0.7861392405063291 0.4333544303797468 0.010991561181434599 0.012046413502109705
1 0.08179324894514768 0.036012658227848104 0.04586497890295358 0.04183544303797468
1 0.019535864978902952 0.2680590717299578 0.02132911392405063 0.018649789029535863
1 0.9335864978902954 0.6347679324894515 0.007869198312236286 0.033143459915611816
1 0.30078059071729957 0.026350210970464135 0.07208860759493671 0.05234177215189873
1 0.12719409282700422 0.01738396624472574 0.029873417721518986 0.027426160337552744
1 0.25976793248945146 0.8081012658227849 0.01248945147679325 0.01238396624472574
1 0.170042194092827 0.6127848101265823 0.06670886075949367 0.06335443037974683
1 0.3337341772151899 0.8891561181434599 0.011645569620253165 0.009135021097046414
1 0.09723628691983123 0.5644514767932489 0.016455696202531647 0.04320675105485232
1 0.08588607594936709 0.8286075949367089 0.014008438818565401 0.011244725738396624
1 0.37061181434599155 0.8330168776371308 0.010569620253164557 0.009261603375527425
1 0.2927215189873418 0.7568354430379747 0.00951476793248945 0.011160337552742617
1 0.8359282700421942 0.7211814345991561 0.051455696202531646 0.03881856540084388
1 0.30493670886075946 0.8622995780590718 0.009810126582278481 0.008523206751054852
1 0.09204641350210971 0.9277426160337553 0.009240506329113924 0.009936708860759494
1 0.19238396624472573 0.705084388185654 0.057700421940928275 0.20470464135021096
1 0.6772362869198312 0.8056540084388185 0.008037974683544304 0.009261603375527425
1 0.105042194092827 0.969240506329114 0.0099789029535865 0.00930379746835443
1 0.06438818565400843 0.8525316455696204 0.008987341772151899 0.012932489451476794
1 0.07434599156118143 0.6958016877637131 0.025464135021097047 0.025864978902953587
1 0.3132278481012658 0.9575105485232068 0.007552742616033756 0.008037974683544304
1 0.4377426160337553 0.850590717299578 0.08466244725738398 0.08417721518987341
1 0.9370042194092827 0.34765822784810124 0.0889873417721519 0.09234177215189875
1 0.8779324894514767 0.1611392405063291 0.009683544303797469 0.009683544303797469
1 0.590337552742616 0.9663080168776371 0.020928270042194094 0.023248945147679324
1 0.11339662447257384 0.7898523206751055 0.22151898734177214 0.39651898734177216
1 0.08130801687763713 0.47185654008438815 0.1591139240506329 0.2236497890295359
1 0.8179535864978903 0.47443037974683544 0.13274261603375528 0.12962025316455697