13 0.8354430379746836 0.7847682119205298 0.11181434599156118 0.08609271523178808
13 0.8407172995780591 0.7268211920529801 0.08016877637130802 0.12582781456953643
3 0.7035864978902954 0.7864238410596026 0.09071729957805907 0.19205298013245034
3 0.6371308016877637 0.890728476821192 0.1518987341772152 0.12251655629139073
3 0.569620253164557 0.8708609271523179 0.12447257383966245 0.09271523178807947
3 0.5348101265822784 0.7334437086092715 0.1160337552742616 0.1423841059602649
3 0.6603375527426161 0.6175496688741722 0.04852320675105485 0.09602649006622517
3 0.5421940928270043 0.6539735099337748 0.10337552742616034 0.046357615894039736
3 0.5168776371308017 0.5993377483443708 0.0949367088607595 0.056291390728476824
3 0.46729957805907174 0.5215231788079471 0.08860759493670886 0.076158940397351
3 0.4440928270042194 0.6341059602649006 0.0949367088607595 0.09602649006622517
3 0.3681434599156118 0.6241721854304636 0.06118143459915612 0.10927152317880795
3 0.37658227848101267 0.7483443708609272 0.056962025316455694 0.0728476821192053
3 0.31751054852320676 0.8973509933774835 0.14767932489451477 0.08609271523178808
3 0.16561181434599156 0.9288079470198676 0.1308016877637131 0.1390728476821192
3 0.039029535864978905 0.8990066225165563 0.06962025316455696 0.10264900662251655
3 0.1751054852320675 0.7350993377483444 0.12236286919831224 0.09271523178807947
3 0.27637130801687765 0.7284768211920529 0.14767932489451477 0.13245033112582782
3 0.23312236286919832 0.695364238410596 0.046413502109704644 0.033112582781456956
3 0.16139240506329114 0.6605960264900662 0.06540084388185655 0.06622516556291391
3 0.1930379746835443 0.6705298013245033 0.0949367088607595 0.09933774834437085
3 0.12974683544303797 0.6341059602649006 0.0949367088607595 0.046357615894039736
3 0.3924050632911392 0.3841059602649007 0.09071729957805907 0.08609271523178808
3 0.26371308016877637 0.4420529801324503 0.0759493670886076 0.0695364238410596
3 0.4430379746835443 0.3443708609271523 0.07805907172995781 0.0695364238410596
3 0.4620253164556962 0.4155629139072848 0.06962025316455696 0.059602649006622516
3 0.2921940928270042 0.3509933774834437 0.06540084388185655 0.08609271523178808
3 0.3291139240506329 0.36423841059602646 0.0379746835443038 0.0728476821192053
3 0.27531645569620256 0.3509933774834437 0.03164556962025317 0.08609271523178808
3 0.5580168776371308 0.20860927152317882 0.0759493670886076 0.09933774834437085
3 0.620253164556962 0.2897350993377483 0.06118143459915612 0.046357615894039736
3 0.689873417721519 0.31788079470198677 0.046413502109704644 0.06291390728476821
3 0.810126582278481 0.37251655629139074 0.0970464135021097 0.09271523178807947
3 0.740506329113924 0.33774834437086093 0.0759493670886076 0.052980132450331126
3 0.9440928270042194 0.4205298013245033 0.09915611814345991 0.06622516556291391
13 0.6940928270042194 0.44370860927152317 0.06540084388185655 0.1423841059602649
13 0.8723628691983122 0.6175496688741722 0.11181434599156118 0.11589403973509933