9 0.6913319238900634 0.39154929577464787 0.0613107822410148 0.35492957746478876
9 0.5380549682875264 0.8070422535211268 0.1522198731501057 0.35774647887323946
9 0.25052854122621565 0.6309859154929578 0.266384778012685 0.056338028169014086
9 0.29704016913319237 0.5704225352112676 0.20930232558139536 0.09859154929577464
9 0.4693446088794926 0.3 0.21141649048625794 0.05070422535211268
9 0.6300211416490487 0.1323943661971831 0.13107822410147993 0.04225352112676056
9 0.8361522198731501 0.14366197183098592 0.14587737843551796 0.030985915492957747
9 0.22410147991543342 0.2915492957746479 0.05496828752642706 0.17746478873239438
9 0.7706131078224101 0.6084507042253521 0.03382663847780127 0.30140845070422534
9 0.6881606765327696 0.6845070422535211 0.02748414376321353 0.2619718309859155
9 0.8985200845665962 0.8253521126760563 0.1733615221987315 0.061971830985915494
9 0.226215644820296 0.3816901408450704 0.20084566596194503 0.036619718309859155
9 0.2653276955602537 0.2676056338028169 0.03171247357293869 0.016901408450704224
9 0.4809725158562368 0.24225352112676057 0.12473572938689217 0.13802816901408452
9 0.17230443974630022 0.6366197183098592 0.2029598308668076 0.08169014084507042
9 0.7959830866807611 0.8873239436619719 0.03171247357293869 0.1352112676056338
9 0.7420718816067653 0.7253521126760564 0.05708245243128964 0.14647887323943662
9 0.7600422832980972 0.8830985915492958 0.09513742071881606 0.061971830985915494
9 0.5010570824524313 0.5 0.9978858350951374 1