7 0.23375 0.8013392857142857 0.18916666666666668 0.3169642857142857
7 0.08333333333333333 0.8950892857142857 0.16666666666666666 0.20982142857142858
7 0.08041666666666666 0.4694940476190476 0.16083333333333333 0.3125
7 0.47291666666666665 0.7135416666666666 0.43333333333333335 0.18452380952380953
7 0.3925 0.421875 0.2175 0.28273809523809523
7 0.22458333333333333 0.578125 0.11416666666666667 0.16517857142857142
7 0.6279166666666667 0.4322916666666667 0.12666666666666668 0.23363095238095238
7 0.7691666666666667 0.7537202380952381 0.25833333333333336 0.12797619047619047
7 0.6945833333333333 0.6956845238095238 0.21833333333333332 0.13392857142857142
7 0.37125 0.24330357142857142 0.45 0.13541666666666666
7 0.2991666666666667 0.13839285714285715 0.19083333333333333 0.13988095238095238
7 0.8404166666666667 0.15178571428571427 0.24416666666666667 0.30357142857142855
7 0.8195833333333333 0.296875 0.36083333333333334 0.31101190476190477
7 0.8958333333333334 0.7693452380952381 0.18583333333333332 0.23065476190476192
7 0.9191666666666667 0.5505952380952381 0.15083333333333335 0.13988095238095238
7 0.6408333333333334 0.8936011904761905 0.7183333333333334 0.09077380952380952
7 0.55875 0.8095238095238095 0.043333333333333335 0.2708333333333333
7 0.51625 0.06845238095238096 0.07583333333333334 0.13690476190476192
7 0.09541666666666666 0.1636904761904762 0.19083333333333333 0.3273809523809524