1 0.247075 0.5289666666666667 0.17725000000000002 0.29915
1 0.3997 0.6908666666666666 0.477975 0.61825
1 0.3386875 0.35538333333333333 0.1881 0.3187
1 0.5104124999999999 0.31095 0.177975 0.36315
1 0.6508750000000001 0.3636 0.14807499999999998 0.4313166666666667
1 0.7446250000000001 0.4912166666666667 0.14880000000000002 0.37955
1 0.48291249999999997 0.5231166666666667 0.2597625 0.3990833333333333
1 0.8002875 0.7350333333333333 0.1680875 0.38053333333333333
1 0.2622125 0.81445 0.208125 0.3282833333333333
1 0.4235875 0.5804 0.10705 0.21191666666666667
1 0.3889125 0.32486666666666664 0.06243750000000001 0.09773333333333334
1 0.653875 0.6981 0.18631250000000002 0.43746666666666667
1 0.7014875 0.8361166666666667 0.202975 0.3277833333333333