12 0.554968287526427 0.5450680272108843 0.19661733615221988 0.14625850340136054
12 0.6923890063424947 0.8732993197278912 0.15644820295983086 0.10034013605442177
12 0.7473572938689218 0.5977891156462585 0.17124735729386892 0.12585034013605442
12 0.9217758985200846 0.320578231292517 0.15644820295983086 0.14965986394557823
12 0.620507399577167 0.18622448979591838 0.16701902748414377 0.13435374149659865
12 0.5 0.0824829931972789 0.15644820295983086 0.1360544217687075
12 0.2547568710359408 0.0467687074829932 0.2135306553911205 0.0935374149659864
12 0.34460887949260044 0.18537414965986396 0.19027484143763213 0.12244897959183673
12 0.2822410147991543 0.4141156462585034 0.1839323467230444 0.15476190476190477
12 0.3276955602536998 0.6309523809523809 0.18181818181818182 0.14625850340136054
12 0.53276955602537 0.8613945578231292 0.17547568710359407 0.1377551020408163
12 0.7198731501057083 0.7780612244897959 0.18604651162790697 0.16156462585034015
12 0.12050739957716702 0.9472789115646258 0.16279069767441862 0.1054421768707483
12 0.14587737843551796 0.8435374149659864 0.13107822410147993 0.1360544217687075
12 0.8160676532769556 0.5450680272108843 0.17758985200845667 0.14965986394557823
12 0.08562367864693446 0.3826530612244898 0.17124735729386892 0.15476190476190477
12 0.41226215644820297 0.2891156462585034 0.17124735729386892 0.1292517006802721
12 0.26004228329809725 0.29591836734693877 0.18181818181818182 0.11904761904761904
12 0.24312896405919662 0.7423469387755102 0.13107822410147993 0.11904761904761904
12 0.8668076109936576 0.8809523809523809 0.1416490486257928 0.09013605442176871
12 0.04756871035940803 0.8112244897959183 0.09513742071881606 0.1377551020408163
12 0.459830866807611 0.7253401360544217 0.13742071881606766 0.11904761904761904
12 0.7346723044397463 0.9642857142857143 0.2642706131078224 0.07142857142857142
12 0.6828752642706131 0.3792517006802721 0.1839323467230444 0.16666666666666666
12 0.7917547568710359 0.12755102040816327 0.11205073995771671 0.12244897959183673
12 0.5 0.5 1 1