8 0.6613924050632911 0.5408450704225352 0.21308016877637131 0.39154929577464787
8 0.08333333333333333 0.44366197183098594 0.12236286919831224 0.16338028169014085
8 0.11919831223628692 0.8732394366197183 0.23839662447257384 0.2535211267605634
8 0.3755274261603376 0.9042253521126761 0.20464135021097046 0.19154929577464788
8 0.27637130801687765 0.6830985915492958 0.15611814345991562 0.15492957746478872
8 0.22151898734177214 0.21690140845070421 0.17721518987341772 0.15211267605633802
8 0.270042194092827 0.4732394366197183 0.12025316455696203 0.21690140845070421
8 0.880801687763713 0.15352112676056337 0.19831223628691982 0.11549295774647887
8 0.5611814345991561 0.2563380281690141 0.14135021097046413 0.11830985915492957
8 0.4630801687763713 0.17746478873239438 0.14135021097046413 0.1267605633802817
8 0.08860759493670886 0.571830985915493 0.1518987341772152 0.15774647887323945
8 0.3575949367088608 0.5183098591549296 0.19198312236286919 0.16901408450704225
8 0.09071729957805907 0.29859154929577464 0.16666666666666666 0.16338028169014085
8 0.31856540084388185 0.09295774647887324 0.1371308016877637 0.1323943661971831
8 0.18248945147679324 0.7661971830985915 0.1962025316455696 0.23098591549295774
8 0.0011299945673343957 0.0026579217600018784 0.0003315013270525668 0.0006904170118751773
8 0.7626582278481012 0.7422535211267606 0.14345991561181434 0.17183098591549295
8 0.9282700421940928 0.7816901408450704 0.14345991561181434 0.19154929577464788
8 0.7795358649789029 0.35352112676056335 0.22362869198312235 0.15492957746478872
8 0.42616033755274263 0.3211267605633803 0.11814345991561181 0.1267605633802817
8 0.6751054852320675 0.09014084507042254 0.12869198312236288 0.1267605633802817
8 0.7236286919831224 0.21690140845070421 0.08227848101265822 0.10140845070422536
8 0.3206751054852321 0.3563380281690141 0.14767932489451477 0.12394366197183099
8 0.2109704641350211 0.37464788732394366 0.12236286919831224 0.1323943661971831
8 0.41877637130801687 0.06338028169014084 0.15611814345991562 0.12112676056338029