12 0.709915611814346 0.21677215189873417 0.46835443037974683 0.43354430379746833
12 0.7236286919831224 0.4873417721518987 0.5527426160337553 0.3639240506329114
12 0.4609704641350211 0.7911392405063291 0.27637130801687765 0.26582278481012656
12 0.5348101265822784 0.46835443037974683 0.3881856540084388 0.3291139240506329
12 0.2795358649789029 0.03322784810126582 0.24050632911392406 0.06645569620253164
12 0.14451476793248946 0.745253164556962 0.189873417721519 0.07278481012658228
12 0.23417721518987342 0.46677215189873417 0.22573839662447256 0.27848101265822783
12 0.7658227848101266 0.7832278481012658 0.04008438818565401 0.43354430379746833
12 0.39767932489451474 0.1819620253164557 0.0379746835443038 0.22468354430379747
12 0.27109704641350213 0.6360759493670886 0.19831223628691982 0.06329113924050633
12 0.669831223628692 0.39556962025316456 0.2890295358649789 0.08227848101265822
12 0.6645569620253164 0.7294303797468354 0.1962025316455696 0.060126582278481014
12 0.6613924050632911 0.45569620253164556 0.6540084388185654 0.620253164556962
12 0.5253164556962026 0.5 0.9493670886075949 1