7 0.16772151898734178 0.7765598650927488 0.23839662447257384 0.20741989881956155
7 0.13818565400843882 0.927487352445194 0.25738396624472576 0.14502529510961215
7 0.370253164556962 0.9089376053962901 0.2742616033755274 0.178752107925801
7 0.6128691983122363 0.9165261382799326 0.25949367088607594 0.16694772344013492
7 0.8132911392405063 0.8743676222596964 0.27637130801687765 0.18887015177065766
7 0.4356540084388186 0.7774030354131535 0.2679324894514768 0.21416526138279932
7 0.8238396624472574 0.7630691399662732 0.310126582278481 0.14502529510961215
7 0.6424050632911392 0.6829679595278246 0.25949367088607594 0.22934232715008432
7 0.8375527426160337 0.5362563237774031 0.3206751054852321 0.2411467116357504
7 0.15084388185654007 0.5370994940978078 0.2468354430379747 0.21922428330522767
7 0.2890295358649789 0.5025295109612141 0.20675105485232068 0.2411467116357504
7 0.4272151898734177 0.5623946037099494 0.20042194092827004 0.20404721753794267
7 0.14767932489451477 0.07166947723440135 0.29535864978902954 0.1433389544688027
7 0.3322784810126582 0.16610455311973019 0.2974683544303797 0.2057335581787521
7 0.0981012658227848 0.23018549747048903 0.1962025316455696 0.20236087689713322
7 0.1308016877637131 0.3372681281618887 0.2468354430379747 0.15345699831365936
7 0.4272151898734177 0.34991568296795955 0.29957805907172996 0.1905564924114671
7 0.580168776371308 0.4156829679595278 0.2869198312236287 0.21585160202360876
7 0.8976793248945147 0.3086003372681282 0.20464135021097046 0.22596964586846544
7 0.5780590717299579 0.21163575042158517 0.25316455696202533 0.21585160202360876
7 0.9219409282700421 0.112141652613828 0.15611814345991562 0.20404721753794267
7 0.6909282700421941 0.06745362563237774 0.3037974683544304 0.13490725126475547
7 0.4419831223628692 0.05564924114671164 0.25949367088607594 0.11129848229342328