2 0.314453125 0.228515625 0.18303571428571427 0.314453125
2 0.8147321428571429 0.33984375 0.2265625 0.5087890625
2 0.5797991071428571 0.2001953125 0.2661830357142857 0.3564453125
2 0.3842075892857143 0.6259765625 0.23214285714285715 0.265625
2 0.6032366071428571 0.52880859375 0.19921875 0.3251953125
2 0.13002232142857142 0.18798828125 0.21484375 0.3369140625
2 0.09905133928571429 0.66650390625 0.17299107142857142 0.421875
2 0.24832589285714285 0.4375 0.27957589285714285 0.2060546875
2 0.3970424107142857 0.82373046875 0.34375 0.2412109375
2 0.7212611607142857 0.791015625 0.34486607142857145 0.1962890625
2 0.9051339285714286 0.55224609375 0.12890625 0.58984375
2 0.20479910714285715 0.74560546875 0.11328125 0.3583984375