0 0.15618896484375 0.314453125 0.155364990234375 0.0574951171875
0 0.3841552734375 0.35693359375 0.167449951171875 0.06744384765625
0 0.2882080078125 0.276123046875 0.1534423828125 0.040374755859375
0 0.07157135009765625 0.7822265625 0.1431427001953125 0.11614990234375
0 0.416748046875 0.273681640625 0.107208251953125 0.0548095703125
0 0.29095458984375 0.6943359375 0.22393798828125 0.06439208984375
0 0.2010498046875 0.349365234375 0.163970947265625 0.0546875
0 0.28399658203125 0.406494140625 0.14923095703125 0.03424072265625
0 0.4822998046875 0.283447265625 0.109130859375 0.0704345703125
0 0.88916015625 0.246337890625 0.12542724609375 0.044281005859375
0 0.922119140625 0.2076416015625 0.12158203125 0.056854248046875
0 0.047458648681640625 0.5009765625 0.09491729736328125 0.045867919921875
0 0.6383056640625 0.134033203125 0.10565185546875 0.048492431640625
0 0.158660888671875 0.55615234375 0.112518310546875 0.04168701171875
0 0.27520751953125 0.55078125 0.102630615234375 0.05792236328125
0 0.6533203125 0.090087890625 0.1212158203125 0.04052734375
0 0.4306640625 0.934478759765625 0.3035888671875 0.13104248046875
0 0.3944091796875 0.55517578125 0.166534423828125 0.0391845703125
0 0.899261474609375 0.7412109375 0.20147705078125 0.1251220703125
0 0.7587890625 0.134033203125 0.09228515625 0.052825927734375
0 0.585205078125 0.2998046875 0.0917816162109375 0.09619140625
0 0.659912109375 0.51416015625 0.153167724609375 0.0401611328125
0 0.5277099609375 0.732421875 0.21881103515625 0.1368408203125
0 0.79541015625 0.2381591796875 0.103179931640625 0.058135986328125
0 0.3936767578125 0.505859375 0.20489501953125 0.0633544921875
0 0.929443359375 0.315185546875 0.136322021484375 0.0784912109375
0 0.51416015625 0.373046875 0.113616943359375 0.044921875
0 0.101165771484375 0.93408203125 0.18768310546875 0.1318359375
0 0.119476318359375 0.50244140625 0.04962158203125 0.057373046875
0 0.532470703125 0.40380859375 0.175140380859375 0.040008544921875
0 0.488525390625 0.794921875 0.12945556640625 0.1014404296875
0 0.649658203125 0.2286376953125 0.167999267578125 0.07464599609375
0 0.79541015625 0.5205078125 0.11279296875 0.050506591796875
0 0.859130859375 0.61181640625 0.146575927734375 0.034027099609375
0 0.732421875 0.8681640625 0.124969482421875 0.107421875
0 0.0417022705078125 0.55615234375 0.08221435546875 0.07122802734375
0 0.803466796875 0.1859130859375 0.132476806640625 0.047882080078125
0 0.41455078125 0.60205078125 0.17852783203125 0.037689208984375
0 0.87744140625 0.80029296875 0.20086669921875 0.10321044921875
0 0.71337890625 0.466064453125 0.10858154296875 0.03912353515625
0 0.938232421875 0.0809326171875 0.120941162109375 0.06854248046875
0 0.697998046875 0.426513671875 0.119659423828125 0.0552978515625
0 0.221923828125 0.499755859375 0.0661468505859375 0.051177978515625
0 0.20196533203125 0.5400390625 0.1285400390625 0.046630859375
0 0.421142578125 0.64892578125 0.109130859375 0.0386962890625
0 0.708984375 0.69091796875 0.210205078125 0.093994140625
0 0.37298583984375 0.83203125 0.18731689453125 0.040313720703125
0 0.144561767578125 0.45556640625 0.049346923828125 0.04345703125
0 0.0886688232421875 0.70263671875 0.167449951171875 0.060089111328125
0 0.796142578125 0.475830078125 0.10546875 0.06878662109375
0 0.25579833984375 0.59619140625 0.139251708984375 0.06805419921875
0 0.099151611328125 0.6318359375 0.140533447265625 0.033538818359375
0 0.636474609375 0.41259765625 0.0790557861328125 0.050140380859375
0 0.28582763671875 0.646484375 0.122039794921875 0.051849365234375
0 0.923583984375 0.5078125 0.151336669921875 0.140625
0 0.8291015625 0.6474609375 0.1578369140625 0.044586181640625
0 0.7822265625 0.43115234375 0.11773681640625 0.042083740234375
0 0.901611328125 0.152587890625 0.126068115234375 0.049224853515625
0 0.837890625 0.8427734375 0.106201171875 0.06536865234375
0 0.885498046875 0.5791015625 0.0727386474609375 0.05194091796875
0 0.79248046875 0.364013671875 0.097686767578125 0.0457763671875
0 0.221923828125 0.43310546875 0.051361083984375 0.0838623046875
0 0.22119140625 0.235107421875 0.0795135498046875 0.04248046875
0 0.650390625 0.203125 0.133941650390625 0.035675048828125
0 0.547119140625 0.5419921875 0.161956787109375 0.0850830078125
0 0.3746337890625 0.87158203125 0.1776123046875 0.0401611328125
0 0.02606964111328125 0.409912109375 0.04705810546875 0.08154296875
0 0.503173828125 0.59423828125 0.091278076171875 0.0567626953125
0 0.5306396484375 0.431640625 0.147674560546875 0.03204345703125
0 0.24884033203125 0.950714111328125 0.16827392578125 0.09857177734375
0 0.87744140625 0.90380859375 0.149688720703125 0.1280517578125
0 0.680419921875 0.342041015625 0.155364990234375 0.04840087890625
0 0.0709991455078125 0.388427734375 0.0767669677734375 0.0413818359375
0 0.37152099609375 0.46044921875 0.14154052734375 0.034088134765625
0 0.17926025390625 0.457763671875 0.045318603515625 0.043609619140625
0 0.33837890625 0.422607421875 0.12359619140625 0.05059814453125
0 0.155364990234375 0.61376953125 0.1395263671875 0.07421875
0 0.6328125 0.18310546875 0.10491943359375 0.0401611328125
0 0.897216796875 0.119384765625 0.1175537109375 0.042572021484375
0 0.5782470703125 0.4580078125 0.126251220703125 0.03253173828125
0 0.92138671875 0.42822265625 0.149505615234375 0.054901123046875
0 0.3695068359375 0.796875 0.207275390625 0.054595947265625
0 0.160308837890625 0.7587890625 0.0582275390625 0.06646728515625
0 0.17816162109375 0.49609375 0.0520477294921875 0.047332763671875
0 0.102996826171875 0.8583984375 0.0610198974609375 0.06097412109375
0 0.1611328125 0.283935546875 0.101898193359375 0.020294189453125
0 0.27740478515625 0.454833984375 0.04456329345703125 0.050994873046875
0 0.6668701171875 0.473388671875 0.101348876953125 0.042327880859375
0 0.0688018798828125 0.456787109375 0.106201171875 0.044769287109375
0 0.57421875 0.6328125 0.096405029296875 0.055511474609375
0 0.32135009765625 0.31591796875 0.111328125 0.033203125
0 0.133026123046875 0.8486328125 0.0709991455078125 0.1131591796875
0 0.696533203125 0.38134765625 0.068389892578125 0.034027099609375
0 0.03096771240234375 0.61865234375 0.0448150634765625 0.0293121337890625
0 0.17999267578125 0.39892578125 0.0859222412109375 0.03240966796875
0 0.35394287109375 0.595703125 0.0773162841796875 0.0234222412109375
0 0.4478759765625 0.66748046875 0.091278076171875 0.05126953125
0 0.5452880859375 0.971710205078125 0.3336181640625 0.05657958984375
0 0.12744140625 0.61376953125 0.066009521484375 0.03131103515625
0 0.785888671875 0.275390625 0.13037109375 0.0360107421875
0 0.43212890625 0.32421875 0.0876617431640625 0.029541015625
0 0.4346923828125 0.12646484375 0.26806640625 0.06304931640625
0 0.952880859375 0.66015625 0.061981201171875 0.04638671875
0 0.5233154296875 0.6513671875 0.102996826171875 0.048492431640625
0 0.04355621337890625 0.6015625 0.0863800048828125 0.03277587890625
0 0.72802734375 0.39453125 0.0870208740234375 0.035491943359375
0 0.6881103515625 0.364990234375 0.11151123046875 0.039276123046875
0 0.961669921875 0.2646484375 0.07232666015625 0.05194091796875
0 0.768310546875 0.6533203125 0.0811614990234375 0.0274810791015625
0 0.904541015625 0.6796875 0.0524139404296875 0.028106689453125
0 0.4010009765625 0.443115234375 0.100250244140625 0.0223236083984375
0 0.84521484375 0.401123046875 0.04305267333984375 0.050994873046875
0 0.664306640625 0.494384765625 0.136138916015625 0.0224151611328125
0 0.25634765625 0.8779296875 0.118377685546875 0.11798095703125
0 0.14501953125 0.420166015625 0.0732879638671875 0.0201416015625
0 0.650390625 0.9287109375 0.12652587890625 0.0592041015625
0 0.409423828125 0.73681640625 0.0520477294921875 0.09185791015625
0 0.05184173583984375 0.6640625 0.1036834716796875 0.07330322265625
0 0.103912353515625 0.48095703125 0.133209228515625 0.0416259765625
0 0.05548095703125 0.3583984375 0.042022705078125 0.0255584716796875
0 0.31585693359375 0.2352294921875 0.109771728515625 0.03436279296875
0 0.9774017333984375 0.68359375 0.045196533203125 0.055206298828125
0 0.947021484375 0.6923828125 0.048614501953125 0.027008056640625
0 0.8203125 0.06866455078125 0.073150634765625 0.049774169921875
0 0.5826416015625 0.85400390625 0.109130859375 0.06890869140625
0 0.5101318359375 0.488525390625 0.1651611328125 0.05718994140625