0 0.2168881144500585 0.6419543141245155 0.14995980377934406 0.7131446343587056
0 0.141845703125 0.58984375 0.1519775390625 0.6106770833333334
0 0.45654296875 0.6467013888888888 0.1202392578125 0.6753472222222222
0 0.3408203125 0.6462673611111112 0.1251220703125 0.6957465277777778
0 0.8095703125 0.6336805555555556 0.1307373046875 0.6727430555555556
0 0.5517578125 0.6354166666666666 0.089111328125 0.5772569444444444
0 0.8974609375 0.60546875 0.08868408203125 0.5802951388888888
0 0.67138671875 0.6276041666666666 0.171630859375 0.6137152777777778
0 0.1533203125 0.21299913194444445 0.09979248046875 0.1615668402777778
0 0.564453125 0.2543402777777778 0.158447265625 0.22395833333333334
0 0.61962890625 0.1281467013888889 0.08660888671875 0.146484375
0 0.705078125 0.13509114583333334 0.0965576171875 0.13292100694444445
0 0.33447265625 0.2094184027777778 0.095703125 0.16048177083333334
0 0.4345703125 0.2163628472222222 0.0999755859375 0.1557074652777778
0 0.4580078125 0.2842881944444444 0.10302734375 0.12706163194444445
0 0.254150390625 0.2204861111111111 0.06915283203125 0.10563151041666667
0 0.51220703125 0.1183810763888889 0.08709716796875 0.13802083333333334
0 0.2354736328125 0.263671875 0.07904052734375 0.10297309027777778
0 0.282470703125 0.31640625 0.07965087890625 0.09233940972222222
0 0.4150390625 0.1279296875 0.0965576171875 0.09635416666666667
0 0.8056640625 0.19911024305555555 0.097412109375 0.10606553819444445
0 0.6982421875 0.25 0.10467529296875 0.19368489583333334
0 0.80810546875 0.3031684027777778 0.1087646484375 0.16569010416666666
0 0.89306640625 0.3053385416666667 0.06622314453125 0.08213975694444445
0 0.55517578125 0.3305121527777778 0.08050537109375 0.0823025173611111
0 0.3662109375 0.30859375 0.0755615234375 0.08382161458333333
0 0.286376953125 0.6011284722222222 0.061431884765625 0.6115451388888888