1 0.505859375 0.8219401041666666 0.404052734375 0.3501383463541667
1 0.1497802734375 0.42236328125 0.17529296875 0.3006998697916667
1 0.55859375 0.2459716796875 0.1007080078125 0.1922607421875
1 0.2113037109375 0.8626302083333334 0.421142578125 0.2675374348958333
1 0.70751953125 0.3877766927083333 0.1439208984375 0.2764892578125
1 0.1893310546875 0.2764892578125 0.1240234375 0.15584309895833334
1 0.16162109375 0.60791015625 0.310302734375 0.3389485677083333
1 0.343994140625 0.3324381510416667 0.2362060546875 0.2559407552083333
1 0.662109375 0.5525716145833334 0.2330322265625 0.19460042317708334
1 0.90625 0.3141276041666667 0.161376953125 0.14434814453125
1 0.0458526611328125 0.5423990885416666 0.091705322265625 0.18575032552083334
1 0.4111328125 0.5338541666666666 0.23974609375 0.21341959635416666
1 0.908843994140625 0.9212239583333334 0.18231201171875 0.15096028645833334
1 0.85595703125 0.14567057291666666 0.07196044921875 0.13081868489583334
1 0.242431640625 0.1275634765625 0.08038330078125 0.13559977213541666
1 0.436279296875 0.23722330729166666 0.097900390625 0.16632080078125
1 0.82763671875 0.6884765625 0.191650390625 0.323486328125
1 0.036041259765625 0.3509521484375 0.07208251953125 0.12919108072916666
1 0.8203125 0.445556640625 0.1318359375 0.21240234375
1 0.9024658203125 0.8024088541666666 0.195068359375 0.216064453125
1 0.93994140625 0.538330078125 0.11798095703125 0.233154296875
1 0.42236328125 0.6876627604166666 0.1597900390625 0.2099609375
1 0.306640625 0.125732421875 0.06500244140625 0.12125651041666667
1 0.97412109375 0.3751627604166667 0.051361083984375 0.098876953125
1 0.6533203125 0.18798828125 0.257568359375 0.2640787760416667
1 0.364013671875 0.15533447265625 0.07781982421875 0.12827555338541666
1 0.91259765625 0.40283203125 0.07763671875 0.084991455078125
1 0.8623046875 0.23396809895833334 0.18359375 0.06632486979166667
1 0.63623046875 0.10660807291666667 0.056121826171875 0.0487518310546875
1 0.371826171875 0.0946044921875 0.0843505859375 0.08280436197916667
1 0.1905517578125 0.13437906901041666 0.051544189453125 0.09389241536458333
1 0.07147216796875 0.679931640625 0.1373291015625 0.1922607421875
1 0.72998046875 0.6599934895833334 0.11676025390625 0.17842610677083334
1 0.28076171875 0.24190266927083334 0.10302734375 0.13132731119791666