2 0.1945031712473573 0.6537242472266244 0.15010570824524314 0.29160063391442154
2 0.4418604651162791 0.7408874801901744 0.3974630021141649 0.27892234548335976
2 0.46511627906976744 0.9270998415213946 0.3044397463002114 0.12202852614896989
2 0.6099365750528541 0.8549920760697306 0.26215644820295986 0.1410459587955626
2 0.29809725158562367 0.15689381933438987 0.3403805496828753 0.16798732171156894
2 0.7885835095137421 0.11251980982567353 0.39957716701902746 0.179080824088748
2 0.5200845665961945 0.1450079239302694 0.20930232558139536 0.2076069730586371
2 0.7674418604651163 0.24643423137876386 0.35306553911205074 0.1347068145800317
2 0.7452431289640592 0.36370839936608557 0.40380549682875266 0.12361331220285261
2 0.42071881606765327 0.33835182250396195 0.4714587737843552 0.18225039619651348
2 0.266384778012685 0.4968304278922345 0.36152219873150104 0.15530903328050713
2 0.6564482029598309 0.6109350237717908 0.3192389006342495 0.1901743264659271
2 0.6723044397463002 0.7559429477020603 0.16279069767441862 0.13153724247226625
2 0.3784355179704017 0.5705229793977813 0.2219873150105708 0.11727416798732171
2 0.6321353065539113 0.4762282091917591 0.4164904862579281 0.10935023771790808
2 0.07716701902748414 0.6656101426307448 0.14376321353065538 0.10776545166402536