1 0.2751358695652174 0.6897344031334103 0.09850543478260869 0.28593139778841453
1 0.494873046875 0.6938137755102041 0.0723876953125 0.28511639030612246
1 0.31689453125 0.6186383928571428 0.058013916015625 0.30308514030612244
1 0.611328125 0.6501753826530612 0.07586669921875 0.3568080357142857
1 0.2122802734375 0.6842793367346939 0.08123779296875 0.2447783801020408
1 0.86669921875 0.6204719387755102 0.10504150390625 0.28731664540816326
1 0.6865234375 0.5812340561224489 0.08197021484375 0.3573580994897959
1 0.75830078125 0.6105707908163265 0.0867919921875 0.24037786989795917
1 0.374755859375 0.5735331632653061 0.089599609375 0.46755420918367346
1 0.407470703125 0.7620216836734693 0.11358642578125 0.20792410714285714
1 0.472412109375 0.5595982142857143 0.08123779296875 0.1367825255102041
1 0.54296875 0.6626434948979592 0.059539794921875 0.25192920918367345
1 0.55029296875 0.4646205357142857 0.072509765625 0.20205676020408164
1 0.74560546875 0.37496014030612246 0.061309814453125 0.25981345663265304
1 0.68701171875 0.38504464285714285 0.07366943359375 0.3122528698979592
1 0.32958984375 0.4125478316326531 0.03302001953125 0.09296077806122449
1 0.485595703125 0.3986128826530612 0.07183837890625 0.25247927295918365
1 0.424072265625 0.3489237882653061 0.034088134765625 0.14448341836734693
1 0.6083984375 0.3560746173469388 0.06451416015625 0.25284598214285714
1 0.55029296875 0.2779655612244898 0.04351806640625 0.1597018494897959
1 0.337158203125 0.3282047193877551 0.034881591796875 0.10542889030612244
1 0.454345703125 0.2807158801020408 0.045196533203125 0.18885522959183673
1 0.3857421875 0.29098373724489796 0.04534912109375 0.14860889668367347
1 0.46728515625 0.48332270408163264 0.061309814453125 0.07659638073979592
1 0.5771484375 0.6388073979591836 0.0306243896484375 0.20792410714285714
1 0.354736328125 0.2612802933673469 0.0322265625 0.1555763711734694
1 0.52490234375 0.3408561862244898 0.03985595703125 0.09346500318877551
1 0.6650390625 0.30033482142857143 0.0217742919921875 0.13412388392857144
1 0.43603515625 0.42538265306122447 0.033599853515625 0.10772082270408163