1 0.13720703125 0.8798828125 0.07208251953125 0.1983642578125
1 0.7255859375 0.8408203125 0.07275390625 0.274169921875
1 0.056976318359375 0.84716796875 0.0753173828125 0.27099609375
1 0.05780029296875 0.57421875 0.09173583984375 0.25830078125
1 0.89892578125 0.60546875 0.06109619140625 0.2110595703125
1 0.84228515625 0.3076171875 0.10089111328125 0.321044921875
1 0.82763671875 0.5419921875 0.05511474609375 0.1134033203125
1 0.47021484375 0.88720703125 0.0809326171875 0.183837890625
1 0.36376953125 0.8583984375 0.0836181640625 0.2421875
1 0.1405029296875 0.37109375 0.10321044921875 0.206298828125
1 0.046295166015625 0.1190185546875 0.056976318359375 0.1766357421875
1 0.85009765625 0.07135009765625 0.05780029296875 0.1298828125
1 0.94775390625 0.3388671875 0.089111328125 0.2822265625
1 0.338623046875 0.49267578125 0.0709228515625 0.1329345703125
1 0.1529541015625 0.623046875 0.1044921875 0.279052734375
1 0.8359375 0.80029296875 0.1375732421875 0.357177734375
1 0.6552734375 0.59521484375 0.044342041015625 0.1373291015625
1 0.049407958984375 0.328125 0.0823974609375 0.2166748046875
1 0.94482421875 0.91162109375 0.060302734375 0.13427734375
1 0.95947265625 0.6630859375 0.058563232421875 0.35546875
1 0.76318359375 0.145263671875 0.090576171875 0.2490234375
1 0.348876953125 0.64599609375 0.07342529296875 0.1661376953125
1 0.60205078125 0.7802734375 0.1495361328125 0.3984375
1 0.5087890625 0.1370849609375 0.08343505859375 0.2486572265625
1 0.69873046875 0.06475830078125 0.047943115234375 0.10595703125
1 0.4072265625 0.12432861328125 0.093994140625 0.2108154296875
1 0.2459716796875 0.84228515625 0.13134765625 0.28955078125
1 0.9365234375 0.1015625 0.0738525390625 0.171875
1 0.58203125 0.06488037109375 0.0482177734375 0.10504150390625
1 0.2451171875 0.1224365234375 0.070556640625 0.19873046875
1 0.45849609375 0.63525390625 0.11920166015625 0.311279296875
1 0.328125 0.2183837890625 0.073974609375 0.386474609375
1 0.250244140625 0.53466796875 0.10015869140625 0.272216796875
1 0.4267578125 0.35107421875 0.09588623046875 0.2281494140625
1 0.1400146484375 0.1387939453125 0.11578369140625 0.2340087890625
1 0.54052734375 0.419677734375 0.09893798828125 0.283203125
1 0.7421875 0.479736328125 0.08868408203125 0.40966796875
1 0.240966796875 0.30517578125 0.09283447265625 0.1444091796875
1 0.6434599156118147 0.269947399656932 0.08966244725738397 0.5223139340091821
1 0.40380859375 0.52001953125 0.0374755859375 0.09600830078125
1 0.54248046875 0.6201171875 0.040679931640625 0.093017578125
1 0.63818359375 0.0709228515625 0.06707763671875 0.11102294921875