11 0.22366392402542865 0.31412872771344785 0.23602108252722429 0.31529449952818694
11 0.59716796875 0.25702497694227433 0.09808349609375 0.3287358601888021
11 0.3154296875 0.6263726128472222 0.1787109375 0.31153988308376734
11 0.080810546875 0.45624220106336805 0.158935546875 0.2012295193142361
11 0.50830078125 0.11241412692599827 0.090087890625 0.22153540717230902
11 0.366943359375 0.1169875250922309 0.201171875 0.2266576131184896
11 0.705078125 0.05593265957302517 0.11676025390625 0.1104018317328559
11 0.90814208984375 0.7284508599175348 0.1837158203125 0.16500820583767362
11 0.08660888671875 0.3022101508246528 0.169189453125 0.20232713487413195
11 0.806640625 0.30074666341145834 0.1121826171875 0.23982899983723957
11 0.71142578125 0.36678653293185765 0.09466552734375 0.28409949408637153
11 0.449462890625 0.7207675509982638 0.155029296875 0.2890387641059028
11 0.6181640625 0.8766289605034723 0.15380859375 0.23982899983723957
11 0.814453125 0.5725894504123263 0.1378173828125 0.1830273946126302
11 0.35400390625 0.47526753743489586 0.12066650390625 0.24659762912326388
11 0.052337646484375 0.050993389553493924 0.1015625 0.1001574198404948
11 0.724609375 0.6732042100694444 0.0966796875 0.28483123779296876
11 0.259521484375 0.09887686835394965 0.1495361328125 0.19226565890842015
11 0.73193359375 0.13409203423394098 0.17333984375 0.16299591064453126
11 0.7568359375 0.8810194227430556 0.1439208984375 0.21970604790581597
11 0.52294921875 0.3678841484917535 0.1778564453125 0.5367340087890625
11 0.12890625 0.5630767822265625 0.23681640625 0.33788265652126737
11 0.931640625 0.4668524848090278 0.08868408203125 0.16436793009440104
11 0.35107421875 0.8554083930121528 0.2454833984375 0.28629472520616317
11 0.01302337646484375 0.6219821506076388 0.0260467529296875 0.3296505398220486
11 0.2239990234375 0.8846781412760417 0.1334228515625 0.21824256049262153
11 0.07330322265625 0.968096923828125 0.09271240234375 0.05963711208767361
11 0.27001953125 0.5338070339626736 0.09552001953125 0.1408606635199653
11 0.5341796875 0.8802876790364583 0.11358642578125 0.23287743462456598
11 0.8828125 0.04385888841417101 0.1666259765625 0.08771777682834202
11 0.154296875 0.11680458916558159 0.0740966796875 0.17772225273980036
11 0.091217041015625 0.7880879720052083 0.18243408203125 0.40026380750868057
11 0.0370025634765625 0.1731488545735677 0.074005126953125 0.21312035454644096
11 0.6298828125 0.1189083523220486 0.129638671875 0.23123101128472223
11 0.303466796875 0.27733086480034724 0.11181640625 0.1408606635199653
11 0.02545166015625 0.8210164388020833 0.0509033203125 0.14488525390625
11 0.12890625 0.029041078355577257 0.10723876953125 0.057533348931206596
11 0.0439453125 0.6399098714192708 0.0635986328125 0.18394207424587675
11 0.6015625 0.7624769422743055 0.12042236328125 0.1189083523220486
11 0.1859130859375 0.5231967502170138 0.08154296875 0.10674311319986979
11 0.097412109375 0.1563187493218316 0.1812744140625 0.3038565741644965
11 0.78662109375 0.5184404161241319 0.08416748046875 0.07742763095431858
11 0.9593963623046875 0.33934614393446183 0.081207275390625 0.1479951646592882
11 0.8759765625 0.15119654337565105 0.10614013671875 0.15037333170572917
11 0.595703125 0.13262854682074654 0.0816650390625 0.09187956915961372
11 0.1949462890625 0.4309970431857639 0.08135986328125 0.08986727396647136
11 0.89453125 0.8539449055989583 0.20654296875 0.14772076076931423
11 0.07763671875 0.6175916883680556 0.05975341796875 0.17772225273980036
11 0.84814453125 0.03468922509087457 0.03436279296875 0.03482642703586154
11 0.66015625 0.6263726128472222 0.061767578125 0.20232713487413195
11 0.10321044921875 0.08136075337727865 0.08062744140625 0.11241412692599827
11 0.9521484375 0.12329881456163194 0.06719970703125 0.08383038838704428
11 0.95697021484375 0.20927870008680555 0.0860595703125 0.19885135226779513
11 0.8720703125 0.9585842556423612 0.060638427734375 0.06887537638346354
11 0.90234375 0.5217332628038195 0.1778564453125 0.1509221394856771
11 0.77490234375 0.02319856219821506 0.0552978515625 0.04639712439643012