0 0.10714285714285722 0.724562150760282 0.13142857142857145 0.21204584670730708
0 0.95751953125 0.6537929548487544 0.07879638671875 0.18017317476645908
0 0.81689453125 0.7541425711743772 0.11395263671875 0.22589524021352314
0 0.326904296875 0.746757534475089 0.10321044921875 0.20917030415925267
0 0.5869140625 0.6394572953736655 0.1458740234375 0.10670291995662812
0 0.72607421875 0.6815954459519573 0.1163330078125 0.2041745440391459
0 0.8671875 0.6459735042259787 0.0863037109375 0.10670291995662812
0 0.4228515625 0.7450198787811388 0.11297607421875 0.22567803325177935
0 0.444580078125 0.6481455738434164 0.100341796875 0.0900322856427936
0 0.69970703125 0.7758632673487544 0.119384765625 0.23697279526245552
0 0.599609375 0.5842867270907474 0.06573486328125 0.03779401134341637
0 0.341796875 0.6403261232206405 0.08819580078125 0.0798235584408363
0 0.611328125 0.722864768683274 0.1163330078125 0.23110820729537365
0 0.85888671875 0.4713391069839858 0.127197265625 0.17821831211076514
0 0.1583251953125 0.5803770017793595 0.07452392578125 0.07037505560498221
0 0.5234375 0.6416293649911032 0.052032470703125 0.09258446744328291
0 0.5224609375 0.45917551712633453 0.08929443359375 0.09073820826846085
0 0.96875 0.23132541425711745 0.06097412109375 0.08563384466748221
0 0.3564453125 0.22719848198398576 0.1468505859375 0.18104200261343417
0 0.7958984375 0.4441882367660142 0.05108642578125 0.22763289590747332
0 0.36767578125 0.5586563056049823 0.09771728515625 0.093453295290258
0 0.1448974609375 0.18755821146574733 0.04534912109375 0.07830310970862989
0 0.51953125 0.7806418205071174 0.1187744140625 0.19287978202846975
0 0.95947265625 0.556918649911032 0.075439453125 0.06689974421708185
0 0.91015625 0.20917030415925267 0.06854248046875 0.08791451776579182
0 0.84716796875 0.21210259814279359 0.085693359375 0.10436794511788257
0 0.63818359375 0.44223337411032027 0.14013671875 0.25869349143683273
0 0.1207275390625 0.6316378447508897 0.06744384765625 0.05940610403692171
0 0.93603515625 0.6785545484875445 0.0295867919921875 0.12739188306272242
0 0.200439453125 0.571254309386121 0.0762939453125 0.07776009230427046
0 0.305419921875 0.5186902246441281 0.0775146484375 0.08281015416481317
0 0.7216796875 0.28845084519572955 0.06256103515625 0.1236993647130783
0 0.95654296875 0.47698648798932386 0.07861328125 0.07417617743549822
0 0.720703125 0.38988649633007116 0.040771484375 0.08970647520017794