12 0.18181818181818182 0.6361702127659574 0.07822410147991543 0.3723404255319149
12 0.5465116279069767 0.8542553191489362 0.13530655391120508 0.0425531914893617
12 0.7727272727272727 0.7031914893617022 0.08456659619450317 0.08297872340425531
12 0.5496828752642706 0.14574468085106382 0.39112050739957716 0.13617021276595745
12 0.5602536997885835 0.8106382978723404 0.34460887949260044 0.06808510638297872
12 0.4820295983086681 0.8042553191489362 0.042283298097251586 0.16382978723404254
12 0.2832980972515856 0.6702127659574468 0.0613107822410148 0.2574468085106383
12 0.7917547568710359 0.6361702127659574 0.1416490486257928 0.44893617021276594
12 0.6680761099365751 0.41382978723404257 0.05496828752642706 0.3574468085106383
12 0.6152219873150105 0.6691489361702128 0.019027484143763214 0.03829787234042553
12 0.2748414376321353 0.4148936170212766 0.1014799154334038 0.251063829787234
12 0.3181818181818182 0.5148936170212766 0.06765327695560254 0.22127659574468084
12 0.21775898520084566 0.4 0.06976744186046512 0.17446808510638298
12 0.321353065539112 0.3404255319148936 0.1543340380549683 0.06595744680851064
12 0.5306553911205074 0.48829787234042554 0.7695560253699789 0.7787234042553192
12 0.7758985200845666 0.2680851063829787 0.06976744186046512 0.08723404255319149