0 0.39574166666666666 0.54355 0.18973333333333334 0.2021875
0 0.5708000000000001 0.569075 0.16303333333333334 0.23048749999999998
0 0.5623416666666666 0.7811875 0.18566666666666667 0.22235
0 0.5087666666666667 0.8944875 0.26185 0.20420000000000002
0 0.7617999999999999 0.6962625 0.23294166666666663 0.4561
0 0.5932583333333333 0.4266375 0.11456666666666666 0.18987500000000002
0 0.22814999999999996 0.45886249999999995 0.13610833333333333 0.19537500000000002
0 0.47778333333333334 0.43432499999999996 0.09125 0.17605
0 0.9367083333333333 0.662475 0.12658333333333333 0.22723749999999998
0 0.9018583333333333 0.873775 0.18957500000000002 0.24555
0 0.14233333333333334 0.364375 0.1283 0.1398
0 0.09655833333333334 0.581175 0.14196666666666669 0.163975
0 0.42382499999999995 0.3098125 0.13818333333333332 0.234925
0 0.353275 0.34222499999999995 0.08850000000000001 0.17395
0 0.7807583333333333 0.4442125 0.17468333333333333 0.1412625
0 0.35766666666666663 0.1730375 0.07861666666666667 0.10894999999999999
0 0.315675 0.0656375 0.10302499999999999 0.1033625
0 0.052700000000000004 0.42333750000000003 0.10089166666666666 0.1486875
0 0.13049166666666667 0.8657250000000001 0.14440833333333333 0.264225
0 0.19214166666666666 0.09713749999999999 0.11163333333333333 0.14255
0 0.3940416666666667 0.7851625 0.15710833333333332 0.24280000000000002
0 0.47485000000000005 0.1405375 0.07489166666666668 0.093475
0 0.31128333333333336 0.796875 0.12445 0.19372499999999998
0 0.22326666666666667 0.2741125 0.05603333333333333 0.1144375
0 0.2788083333333333 0.1280875 0.07544166666666667 0.09805
0 0.62695 0.260375 0.174925 0.2933375
0 0.2139916666666667 0.7624500000000001 0.10156666666666667 0.2059875
0 0.317625 0.2601875 0.09930833333333333 0.13925