4 0.4148936170212766 0.49019607843137253 0.1641337386018237 0.3137254901960784
4 0.5273556231003039 0.5163398692810458 0.2127659574468085 0.22875816993464052
4 0.5349544072948328 0.16013071895424835 0.22796352583586627 0.2222222222222222
4 0.4376899696048632 0.2973856209150327 0.08814589665653495 0.20915032679738563
4 0.574468085106383 0.8562091503267973 0.3191489361702128 0.1895424836601307
4 0.6246200607902735 0.8888888888888888 0.182370820668693 0.2222222222222222
4 0.6139817629179332 0.5359477124183006 0.24924012158054712 0.17647058823529413
4 0.10030395136778116 0.761437908496732 0.2006079027355623 0.24836601307189543
4 0.3252279635258359 0.7352941176470589 0.14285714285714285 0.32679738562091504
4 0.12917933130699089 0.4542483660130719 0.12158054711246201 0.3660130718954248
4 0.0911854103343465 0.13398692810457516 0.16109422492401215 0.21568627450980393
4 0.0023911632357713347 0.00606834470257648 0.0006729401328393152 0.0012665353222628812
4 0.6413373860182371 0.5816993464052288 0.10638297872340426 0.2875816993464052
4 0.8480243161094225 0.2777777777777778 0.0911854103343465 0.38562091503267976
4 0.2674772036474164 0.477124183006536 0.15501519756838905 0.21568627450980393
4 0.22948328267477203 0.9019607843137255 0.08206686930091185 0.19607843137254902
4 0.32370820668693007 0.23529411764705882 0.17325227963525835 0.20915032679738563
4 0.3373860182370821 0.10457516339869281 0.1519756838905775 0.16339869281045752
4 0.7279635258358662 0.12745098039215685 0.1337386018237082 0.23529411764705882
4 0.9285714285714286 0.1830065359477124 0.13677811550151975 0.16339869281045752
4 0.7522796352583586 0.49019607843137253 0.11246200607902736 0.24836601307189543
4 0.8966565349544073 0.5392156862745098 0.2066869300911854 0.16339869281045752