0 0.49375 0.4591751269035533 0.26875 0.10447969543147208
0 0.36703125000000003 0.6167005076142131 0.22785937500000003 0.13892131979695432
0 0.8488906249999999 0.21130710659898477 0.24228125 0.05865482233502538
0 0.465625 0.8046827411167513 0.18290625 0.17138324873096447
0 0.464125 0.2617131979695431 0.11151562500000001 0.15282994923857868
0 0.575640625 0.8071319796954315 0.16909375 0.1934771573604061
0 0.37003125 0.37719543147208123 0.119265625 0.11242385786802031
0 0.18351562500000002 0.49218274111675125 0.173140625 0.05319796954314721
0 0.33696875 0.2509771573604061 0.137 0.16588832487309643
0 0.7436875 0.3525380710659899 0.117015625 0.10651015228426397
0 0.06796875 0.5493147208121828 0.102359375 0.1815228426395939
0 0.1161875 0.19873096446700506 0.0816875 0.1500253807106599
0 0.249796875 0.4282233502538071 0.11782812499999999 0.07611675126903553
0 0.69078125 0.17383248730964465 0.11573437499999999 0.08105329949238578
0 0.30465624999999996 0.49120558375634515 0.11415625 0.08911167512690356
0 0.176296875 0.33520304568527914 0.07620312500000001 0.08800761421319796
0 0.104375 0.8994162436548223 0.15796875 0.11755076142131979
0 0.91621875 0.7788071065989848 0.13023437499999999 0.13818527918781726
0 0.82484375 0.5659137055837563 0.07860937500000001 0.197753807106599
0 0.7623125 0.12487309644670051 0.19028125 0.13073604060913704
0 0.921640625 0.5703172588832488 0.11474999999999999 0.1057741116751269
0 0.612625 0.09185279187817258 0.110546875 0.08270304568527918
0 0.352609375 0.5454060913705583 0.072109375 0.09039340101522843
0 0.9318593749999999 0.3483883248730964 0.09964062500000001 0.16662436548223353
0 0.887359375 0.1269543147208122 0.19989062500000002 0.10821065989847715
0 0.12775 0.7236294416243655 0.07703125 0.10894670050761421
0 0.18696875 0.7959010152284264 0.10701562499999999 0.10144670050761422
0 0.541984375 0.24511421319796955 0.09490625 0.08062182741116751
0 0.256703125 0.22436548223350256 0.0605 0.09137055837563451
0 0.25790625 0.6889593908629441 0.1125 0.096002538071066
0 0.288578125 0.38158629441624364 0.06290625 0.07385786802030457
0 0.5332656250000001 0.531738578680203 0.13414062499999999 0.1101015228426396
0 0.657109375 0.24341370558375636 0.11114062499999999 0.07019035532994924
0 0.847078125 0.3581598984771574 0.114296875 0.12402284263959391
0 0.7418750000000001 0.28760152284263957 0.066359375 0.101751269035533
0 0.677546875 0.3679187817258883 0.058390624999999995 0.10338832487309645
0 0.9192343749999999 0.49975888324873097 0.1184375 0.06197969543147209
0 0.702203125 0.7197208121827411 0.07278124999999999 0.08446700507614213
0 0.20350000000000001 0.5869162436548223 0.1255 0.13208121827411168
0 0.53446875 0.17553299492385785 0.07703125 0.08361675126903553
0 0.6078125 0.17138324873096447 0.092890625 0.08343908629441624
0 0.31021875 0.7363324873096447 0.12571875 0.09637055837563452
0 0.66553125 0.048578680203045684 0.088 0.07262690355329948
0 0.05721875 0.197753807106599 0.07184375 0.09967005076142132
0 0.181109375 0.7001903553299492 0.06999999999999999 0.11029187817258883
0 0.27549999999999997 0.09856598984771574 0.10896874999999999 0.07006345177664974
0 0.541984375 0.10321065989847715 0.08671875 0.07434010152284264
0 0.34478125 0.8461928934010152 0.117015625 0.07977157360406091
0 0.679359375 0.6152284263959391 0.13534375 0.08600253807106599
0 0.190578125 0.5415101522842639 0.083796875 0.059200507614213194
0 0.46171875 0.14953045685279187 0.10198437499999999 0.08770304568527919
0 0.8512968750000001 0.44897208121827414 0.075484375 0.0966751269035533
0 0.151734375 0.4079568527918782 0.119265625 0.06756345177664975
0 0.469234375 0.11456852791878172 0.07890625 0.05975888324873097
0 0.906 0.05270304568527919 0.153453125 0.08282994923857867
0 0.455109375 0.7202157360406091 0.077703125 0.07946700507614213
0 0.636671875 0.37719543147208123 0.04509375 0.09447969543147208
0 0.06443750000000001 0.7558629441624366 0.07357812500000001 0.1192005076142132
0 0.23342187499999997 0.12219543147208123 0.11415625 0.0908756345177665
0 0.52575 0.7133756345177665 0.095296875 0.10375634517766498
0 0.732859375 0.8271446700507614 0.12009375 0.11359137055837563
0 0.808015625 0.2878426395939086 0.06346874999999999 0.0991243654822335
0 0.598484375 0.3007868020304569 0.075484375 0.07227157360406092
0 0.72203125 0.04031725888324873 0.094609375 0.05856598984771574
0 0.20034375 0.1749238578680203 0.088 0.09124365482233503
0 0.317734375 0.9467766497461928 0.100703125 0.07055837563451776
0 0.78515625 0.9438451776649747 0.06999999999999999 0.08618020304568527
0 0.637875 0.7392639593908629 0.0920625 0.08539340101522844
0 0.08657812499999999 0.3488832487309645 0.11971875000000001 0.059416243654822336
0 0.58796875 0.6132868020304568 0.07660937500000001 0.07611675126903553
0 0.067109375 0.8657233502538072 0.09153125 0.07104060913705583
0 0.40640625 0.947271573604061 0.101296875 0.06384517766497462
0 0.5966875 0.6850634517766498 0.06334375 0.06152284263959391
0 0.84828125 0.9536167512690356 0.0599375 0.06573604060913706
0 0.045796875 0.4980456852791878 0.051734375 0.06408629441624365
0 0.28512499999999996 0.04025380710659898 0.13368750000000001 0.056243654822335024
0 0.43015625 0.05954314720812183 0.073453125 0.05878172588832487
0 0.26603125 0.8686548223350253 0.071046875 0.07531725888324874
0 0.260921875 0.5361294416243655 0.043921875 0.0575
0 0.765921875 0.6689467005076142 0.086265625 0.05758883248730965
0 0.90059375 0.9013705583756345 0.067484375 0.09008883248730964
0 0.078453125 0.07397208121827412 0.061281249999999995 0.06524111675126903
0 0.8350625 0.7114213197969543 0.13368750000000001 0.06256345177664974
0 0.032640625 0.719238578680203 0.031406250000000004 0.10949238578680204
0 0.8579062499999999 0.8618147208121828 0.076734375 0.07171319796954315
0 0.9649218749999999 0.3085913705583756 0.035625000000000004 0.06030456852791879
0 0.35531250000000003 0.1458756345177665 0.10760937500000001 0.07477157360406092
0 0.723234375 0.5439467005076142 0.069515625 0.07305837563451777
0 0.292484375 0.2783248730964467 0.06526562500000001 0.06395939086294417
0 0.366125 0.07781725888324872 0.076875 0.0391243654822335
0 0.760515625 0.45409898477157357 0.0713125 0.06232233502538071
0 0.4184375 0.8256852791878172 0.07620312500000001 0.06371827411167513
0 0.5876718750000001 0.729010152284264 0.06909375 0.10052030456852791
0 0.9516875 0.9482360406091371 0.060265625 0.0634771573604061
0 0.74909375 0.7456091370558375 0.069734375 0.04803299492385787
0 0.1125 0.8105456852791879 0.070640625 0.04681472081218274
0 0.5431874999999999 0.9663071065989848 0.069359375 0.04168781725888325
0 0.5209374999999999 0.03114213197969543 0.064328125 0.038604060913705586
0 0.770125 0.7753934010152285 0.076875 0.07355329949238579
0 0.80740625 0.05889593908629441 0.066734375 0.030152284263959394
0 0.77975 0.593261421319797 0.054593749999999996 0.06878172588832487
0 0.058953124999999995 0.43847715736040604 0.074140625 0.04131979695431472
0 0.88015625 0.25414974619289343 0.074140625 0.05098984771573604
0 0.042875 0.3488832487309645 0.047640625 0.044771573604060914
0 0.1800625 0.040989847715736036 0.059140625 0.05676395939086294
0 0.361921875 0.21326142131979697 0.074921875 0.06671319796954314
0 0.12121875 0.08661167512690356 0.055640625 0.07903553299492386
0 0.7418750000000001 0.9672842639593909 0.03728125 0.03671319796954315
0 0.765328125 0.5082994923857869 0.0510625 0.06475888324873097
0 0.937265625 0.0291497461928934 0.09175 0.03460659898477157
0 0.9486874999999999 0.8925761421319798 0.055640625 0.0575
0 0.9667187500000001 0.27319796954314723 0.03025 0.049682741116751264
0 0.049562499999999995 0.11359137055837563 0.061281249999999995 0.04959390862944162
0 0.783953125 0.07195431472081219 0.045875 0.044010152284263956
0 0.047 0.9409137055837564 0.060953125 0.07934010152284264
0 0.042390625 0.4040482233502538 0.047453125 0.06817258883248731
0 0.16953125 0.12671319796954314 0.057421875 0.08209390862944162
0 0.5251406249999999 0.05633248730964467 0.115578125 0.06964467005076143
0 0.592484375 0.04312182741116751 0.089125 0.05898477157360406
0 0.030578125 0.2367005076142132 0.021562500000000002 0.04553299492385787
0 0.04196875 0.02546954314720812 0.047531250000000004 0.028591370558375635
0 0.47584375 0.026700507614213196 0.050953125 0.029416243654822333
0 0.110546875 0.02980964467005076 0.047453125 0.038604060913705586
0 0.04990625 0.3161675126903553 0.055640625 0.04077411167512691