2 0.4799346405228759 0.5791789215686274 0.20814133986928104 0.2339950980392157
2 0.5752777777777778 0.2745547385620915 0.2231699346405229 0.27425245098039214
2 0.6012173202614379 0.7654125816993465 0.2832230392156863 0.2882761437908497
2 0.5243300653594771 0.8812132352941177 0.2887622549019608 0.2375735294117647
2 0.444093137254902 0.8743913398692811 0.1429452614379085 0.2512214052287582
2 0.8500367647058823 0.7802736928104574 0.2999264705882353 0.37670751633986926
2 0.6201184640522875 0.5151348039215686 0.11126633986928104 0.15942401960784314
2 0.44214052287581695 0.2160661764705882 0.11499183006535947 0.1490482026143791
2 0.129640522875817 0.7597671568627451 0.2592769607843137 0.44018382352941177
2 0.5410171568627451 0.7998039215686275 0.12231617647058823 0.16052287581699345
2 0.7631821895424836 0.853517156862745 0.19250408496732027 0.21276960784313725
2 0.41528186274509804 0.4592279411764706 0.18042075163398694 0.17248366013071895
2 0.24182189542483662 0.25049019607843137 0.07696486928104575 0.11395424836601306
2 0.26830882352941177 0.8310539215686275 0.22033496732026145 0.23657271241830066
2 0.051805555555555556 0.7006821895424836 0.10360702614379085 0.3166503267973856
2 0.2027532679738562 0.22915441176470588 0.1362826797385621 0.14713643790849673
2 0.12261846405228759 0.6660171568627451 0.18774509803921569 0.22509803921568625
2 0.4228513071895425 0.3176266339869281 0.11920343137254902 0.1650408496732026
2 0.9624019607843137 0.6489256535947712 0.07488970588235294 0.14245506535947713
2 0.10559232026143792 0.48412990196078437 0.20812908496732027 0.10034313725490196
2 0.19177287581699345 0.3461928104575163 0.10467728758169935 0.15942401960784314
2 0.32941176470588235 0.8999387254901962 0.23388888888888887 0.18658088235294118
2 0.10071895424836601 0.31585375816993466 0.1890890522875817 0.1280923202614379