10 0.43846153846153846 0.43771503947366197 0.046153846153846156 0.13110098062313674
10 0.70458984375 0.4736947628316032 0.06268310546875 0.11229201584126297
10 0.487548828125 0.4520966244953864 0.03302001953125 0.08277761069961073
10 0.55078125 0.2822400789359862 0.06658935546875 0.08479099647671569
10 0.6728515625 0.6761315509659747 0.055419921875 0.14624502144607843
10 0.492919921875 0.6314709937283737 0.107421875 0.05047192073060842
10 0.583984375 0.4898018490484429 0.056549072265625 0.04795518850922722
10 0.453369140625 0.4012128748558247 0.057586669921875 0.07714928227724914
10 0.56494140625 0.7266492304642446 0.060211181640625 0.16107086216839678
10 0.403076171875 0.5428820195357554 0.086181640625 0.1298633826232699
10 0.560546875 0.5513016327854672 0.0823974609375 0.13480532953070934
10 0.5185546875 0.32946312716262977 0.082275390625 0.11311567365916955
10 0.62646484375 0.4440430813869666 0.09588623046875 0.1145799542243368
10 0.5703125 0.3781504559544406 0.12274169921875 0.09453761398861014
10 0.6611328125 0.36350765030276816 0.060760498046875 0.11915583099048443
10 0.39453125 0.42683778474625145 0.0374755859375 0.13032097029988465
10 0.52001953125 0.4623465884515571 0.03424072265625 0.06273527046388408