1 0.36979166666666663 0.7718576569344642 0.40277777777777773 0.1688026720357648
1 0.34912109375 0.7716686320754716 0.341796875 0.1560657429245283
1 0.09600830078125 0.27270047169811323 0.1868896484375 0.16334389740566038
1 0.461669921875 0.49380896226415094 0.1307373046875 0.3336895636792453
1 0.89892578125 0.36482900943396224 0.19189453125 0.16076429834905662
1 0.7646484375 0.7694575471698113 0.1285400390625 0.4381633254716981
1 0.69384765625 0.28873083726415094 0.173583984375 0.17836084905660377
1 0.66748046875 0.5958873820754716 0.09686279296875 0.4610112028301887
1 0.1287841796875 0.1284271816037736 0.1370849609375 0.19568101415094338
1 0.385009765625 0.4676444575471698 0.134765625 0.3137897995283019
1 0.486083984375 0.21023732311320756 0.09552001953125 0.2749115566037736
1 0.52392578125 0.6224204009433962 0.09912109375 0.26275058962264153
1 0.310546875 0.38988797169811323 0.1339111328125 0.26717275943396224
1 0.82861328125 0.08614018278301887 0.09332275390625 0.17080630896226415
1 0.1903076171875 0.5759876179245284 0.2213134765625 0.252063679245283
1 0.8876953125 0.8453714622641509 0.1597900390625 0.29517983490566035
1 0.7431640625 0.10613207547169812 0.09136962890625 0.20857900943396226
1 0.248291015625 0.9190742924528302 0.1688232421875 0.1577240566037736
1 0.58056640625 0.46801297169811323 0.0738525390625 0.2861512382075472
1 0.91796875 0.08075066332547169 0.1558837890625 0.146484375
1 0.04534912109375 0.13026975235849056 0.0906982421875 0.1538546580188679
1 0.5205078125 0.05582989386792453 0.091064453125 0.11165978773584906
1 0.490478515625 0.9013856132075472 0.129638671875 0.19144310141509435
1 0.0838623046875 0.8409492924528302 0.1639404296875 0.291126179245283
1 0.2198486328125 0.3123157429245283 0.2130126953125 0.22682045990566038
1 0.38134765625 0.9242334905660378 0.11737060546875 0.14777417452830188
1 0.572265625 0.8004127358490566 0.1453857421875 0.2349277712264151
1 0.65185546875 0.15800044221698112 0.060211181640625 0.15468381485849056
1 0.85595703125 0.9389740566037735 0.08209228515625 0.11350235849056604
1 0.10052490234375 0.48091096698113206 0.194091796875 0.16242261202830188
1 0.6884765625 0.9153891509433962 0.08868408203125 0.1667526533018868
1 0.0451507568359375 0.3482458726415094 0.090301513671875 0.14906397405660377
1 0.88232421875 0.22866303066037735 0.1763916015625 0.16104068396226415
1 0.6044921875 0.12976304540094338 0.1307373046875 0.25952609080188677
1 0.283203125 0.09655070754716981 0.114990234375 0.18656028891509435
1 0.1280517578125 0.6699587264150944 0.1778564453125 0.18941627358490565
1 0.402099609375 0.06425965507075472 0.1414794921875 0.12686099646226415
1 0.68994140625 0.7525058962264151 0.05242919921875 0.20378832547169812
1 0.372314453125 0.15578935731132076 0.09027099609375 0.12888782429245282
1 0.14306640625 0.03493974793632076 0.10760498046875 0.06771447523584906
1 0.274169921875 0.5313974056603774 0.10284423828125 0.15330188679245282
1 0.2783203125 0.2456146816037736 0.1163330078125 0.10161777712264151
1 0.175537109375 0.4735406839622642 0.139404296875 0.11635834316037735
1 0.09124755859375 0.08181014150943396 0.0843505859375 0.1293484669811321
1 0.9659576416015625 0.6146816037735849 0.068084716796875 0.07388708726415094
1 0.1163330078125 0.9485047538325472 0.11517333984375 0.10299049233490566
1 0.634765625 0.0413196491745283 0.0831298828125 0.08194833431603774
1 0.90771484375 0.49049233490566035 0.17919921875 0.15993514150943397
1 0.2108154296875 0.244140625 0.0726318359375 0.04836748231132076
1 0.9555816650390625 0.8844339622641509 0.088836669921875 0.21226415094339623
1 0.6083984375 0.9058077830188679 0.10430908203125 0.18398068985849056
1 0.9423828125 0.2852299528301887 0.109130859375 0.0725051591981132
1 0.041229248046875 0.05384913030660377 0.07208251953125 0.1029075766509434
1 0.03006744384765625 0.6095224056603774 0.0601348876953125 0.16730542452830188
1 0.8056640625 0.20231426886792453 0.05889892578125 0.08029002063679246
1 0.034210205078125 0.7396079009433962 0.06842041015625 0.12087264150943396
1 0.392822265625 0.24856279481132076 0.09637451171875 0.15634212853773585
1 0.333984375 0.1359817216981132 0.07196044921875 0.14860333136792453
1 0.06939697265625 0.5649321933962265 0.08416748046875 0.12087264150943396
1 0.8544921875 0.17080630896226415 0.1087646484375 0.10419737617924528
1 0.708984375 0.9669811320754716 0.06927490234375 0.06485849056603774
1 0.68408203125 0.04108932783018868 0.0413818359375 0.07913841391509434
1 0.40087890625 0.6607458726415094 0.07989501953125 0.15016951650943397
1 0.044586181640625 0.021811431308962265 0.04376220703125 0.04325434846698113
1 0.60888671875 0.34769310141509435 0.07366943359375 0.10198629127358491
1 0.71630859375 0.45658903301886794 0.0289306640625 0.1723724941037736
1 0.8193359375 0.03212982753537736 0.0728759765625 0.06154186320754717
1 0.525390625 0.48238502358490565 0.07171630859375 0.2640403891509434
1 0.0266265869140625 0.9124410377358491 0.053253173828125 0.1741229363207547
1 0.9653472900390625 0.6813826650943396 0.069305419921875 0.13717939268867924
1 0.4091796875 0.31968602594339623 0.0850830078125 0.09811689268867925
1 0.306884765625 0.9537146226415094 0.06793212890625 0.08600198997641509
1 0.517578125 0.14362839033018868 0.0638427734375 0.09756412146226415
1 0.0535888671875 0.9743514150943396 0.06744384765625 0.05080888856132076
1 0.0411376953125 0.45364091981132076 0.082275390625 0.10401311910377359
1 0.427734375 0.1472214033018868 0.06610107421875 0.10124926297169812
1 0.3251953125 0.621314858490566 0.07135009765625 0.1323887087264151
1 0.160888671875 0.7569280660377359 0.09417724609375 0.13791642099056603
1 0.90625 0.022755748820754717 0.118408203125 0.03622954746462264
1 0.328125 0.6898584905660378 0.07489013671875 0.046663104363207544
1 0.95703125 0.01038173459610849 0.06982421875 0.02065982458726415
1 0.59619140625 0.6570607311320755 0.05450439453125 0.1293484669811321
1 0.72998046875 0.3207915683962264 0.06243896484375 0.08710753242924528
1 0.7138671875 0.7657724056603774 0.024932861328125 0.18490197523584906
1 0.150146484375 0.8667452830188679 0.06597900390625 0.13100678066037735
1 0.249755859375 0.4525353773584906 0.04486083984375 0.12962485259433962
1 0.8173828125 0.43226709905660377 0.035888671875 0.13552107900943397
1 0.08416748046875 0.037358122051886794 0.0333251953125 0.05306603773584906
1 0.269287109375 0.372936320754717 0.53271484375 0.7318691037735849
1 0.1553955078125 0.9868808962264151 0.05450439453125 0.0223987507370283
1 0.2587890625 0.3873083726415094 0.03955078125 0.06771447523584906
1 0.0158843994140625 0.47943691037735847 0.031768798828125 0.0858177329009434
1 0.1124267578125 0.37993808962264153 0.08135986328125 0.09134544516509434
1 0.5673828125 0.03134673496462264 0.05865478515625 0.05992961379716981
1 0.47998046875 0.9492924528301887 0.06536865234375 0.09498452240566038