11 0.328369140625 0.7349932517288622 0.09503173828125 0.14603839786664927
11 0.49560546875 0.514535286730167 0.08331298828125 0.22605943779358037
11 0.22119140625 0.8210158696503131 0.040679931640625 0.12253221738811326
11 0.2841796875 0.09757565556090161 0.0948486328125 0.1766464456387004
11 0.411376953125 0.06446695029113388 0.0792236328125 0.1210318228894833
11 0.69189453125 0.4677229783729123 0.03948974609375 0.059465635295700675
11 0.88671875 0.048687801480542144 0.053985595703125 0.09722556351122129
11 0.703125 0.3624953108689979 0.12335205078125 0.23946296198134134
11 0.52392578125 0.7241904113387265 0.092041015625 0.17764670863778706
11 0.459716796875 0.6161620074373695 0.046112060546875 0.14763881866518788
11 0.96240234375 0.07041851513569937 0.055938720703125 0.08067121087633743
11 0.05889892578125 0.40170562043319413 0.114990234375 0.14553826636710596
11 0.2349853515625 0.7117871501500522 0.077392578125 0.10552774640364039
11 0.5537109375 0.46652266277400833 0.06915283203125 0.09542509011286535
11 0.204345703125 0.3536929964770355 0.1427001953125 0.3190838967086378
11 0.9619140625 0.5841535914665971 0.060302734375 0.18134768173440763
11 0.06512451171875 0.5521451754958246 0.123779296875 0.12123187548930063
11 0.1458740234375 0.1697446309450026 0.1417236328125 0.11793100759231472
11 0.283447265625 0.21725712340161796 0.092041015625 0.10482756230427975
11 0.7294921875 0.8918030167422364 0.167236328125 0.21639396651552714
11 0.4658203125 0.7585994585073069 0.051361083984375 0.10142666810738518
11 0.5992569164106041 0.6624503559227156 0.17622083919063494 0.368046160374828
11 0.7822265625 0.42611203761090816 0.106689453125 0.26827053635503656
11 0.66357421875 0.5545458066936325 0.1636962890625 0.24106338277987996
11 0.79345703125 0.6801788393789144 0.1143798828125 0.23626212038426408
11 0.701171875 0.8634270208115866 0.1181640625 0.20355352031413101
11 0.362060546875 0.9802577391049061 0.07159423828125 0.038085013690223775
11 0.03680419921875 0.6265647426278705 0.0736083984375 0.12883387428235907
11 0.182373046875 0.5785521186717119 0.0943603515625 0.1277335849833638
11 0.59912109375 0.45371929638569936 0.04010009765625 0.0540142019506785
11 0.5546875 0.5273386531184759 0.036224365234375 0.051038419528395745
11 0.95849609375 0.1584416590553236 0.0794677734375 0.12143192808911796
11 0.5732421875 0.8658276520093946 0.08740234375 0.16854431534609865
11 0.0197906494140625 0.6657750521920668 0.039581298828125 0.07977097417715945
11 0.83349609375 0.11563040269441545 0.09271240234375 0.09992627360875522
11 0.05889892578125 0.734193041329593 0.11676025390625 0.37849951885438415
11 0.60888671875 0.48452739675756784 0.0633544921875 0.11923134949112735
11 0.2437744140625 0.11923134949112735 0.04986572265625 0.13723608347468685
11 0.039337158203125 0.8370200776356994 0.076416015625 0.1598420272540449
11 0.80029296875 0.31228210831484865 0.038330078125 0.04246116431122782
11 0.2765393105282147 0.3998471979861202 0.3333333981264928 0.46392543949119874
11 0.904296875 0.18544876003066285 0.0548095703125 0.08657276257094859