11 0.35644531250000017 0.7670304217035809 0.0711495535714286 0.4659391565928382
11 0.2962239725249155 0.29164205957998035 0.05952383790697374 0.3088132259964311
11 0.6050037486212596 0.18629245991680762 0.11346731867109028 0.15267751873357766
11 0.85498046875 0.49609375 0.11102294921875 0.10921223958333333
11 0.609375 0.09266493055555555 0.044281005859375 0.051432291666666664
11 0.58984375 0.13780381944444445 0.07421875 0.043158637152777776
11 0.96240234375 0.5815972222222222 0.07159423828125 0.1199001736111111
11 0.51318359375 0.12890625 0.07147216796875 0.06076388888888889
11 0.5390625 0.24305555555555555 0.07366943359375 0.06499565972222222
11 0.07781982421875 0.8033854166666666 0.1326904296875 0.3845486111111111
11 0.576171875 0.1120876736111111 0.05780029296875 0.029730902777777776
11 0.79736328125 0.3843315972222222 0.1026611328125 0.1618923611111111
11 0.70361328125 0.4613715277777778 0.09722900390625 0.0681423611111111
11 0.262939453125 0.6571180555555556 0.1044921875 0.1851128472222222
11 0.2269287109375 0.4552951388888889 0.10540771484375 0.09288194444444445
11 0.666015625 0.13096788194444445 0.035003662109375 0.049126519097222224
11 0.72412109375 0.3765190972222222 0.07421875 0.103515625
11 0.501953125 0.18446180555555555 0.047149658203125 0.0773654513888889
11 0.173828125 0.5473090277777778 0.1378173828125 0.08783637152777778
11 0.2001953125 0.3226996527777778 0.06256103515625 0.1665581597222222
11 0.53466796875 0.1733940972222222 0.0282745361328125 0.07611762152777778
11 0.3935546875 0.6171875 0.049957275390625 0.2163628472222222
11 0.1495361328125 0.365234375 0.056640625 0.1960720486111111
11 0.923828125 0.6905381944444444 0.11358642578125 0.08555772569444445
11 0.916015625 0.7634548611111112 0.132080078125 0.09998914930555555
11 0.0262298583984375 0.8081597222222222 0.052459716796875 0.1203342013888889
11 0.56005859375 0.22059461805555555 0.047698974609375 0.038655598958333336
11 0.08770751953125 0.1400824652777778 0.07781982421875 0.07454427083333333
11 0.2496337890625 0.9192437065972222 0.06878662109375 0.16151258680555555
11 0.673828125 0.2708333333333333 0.08447265625 0.0837131076388889
11 0.9013671875 0.6310763888888888 0.10821533203125 0.09852430555555555
11 0.8125 0.3459201388888889 0.06463623046875 0.07194010416666667
11 0.6396484375 0.0876736111111111 0.0262603759765625 0.04299587673611111
11 0.042083740234375 0.6137152777777778 0.0823974609375 0.1179470486111111
11 0.056976318359375 0.03152126736111111 0.06475830078125 0.06304253472222222
11 0.147705078125 0.5928819444444444 0.10614013671875 0.10682508680555555
11 0.18798828125 0.7048611111111112 0.06256103515625 0.15234375
11 0.66015625 0.8402777777777778 0.1724853515625 0.3155381944444444
11 0.1409912109375 0.71875 0.06097412109375 0.146484375
11 0.7890625 0.671875 0.1015625 0.1743706597222222
11 0.1177978515625 0.4986979166666667 0.0794677734375 0.0935329861111111
11 0.302490234375 0.15266927083333334 0.0548095703125 0.04234483506944445
11 0.798828125 0.2758246527777778 0.048675537109375 0.06700303819444445
11 0.426513671875 0.1457248263888889 0.06781005859375 0.08512369791666667
11 0.97412109375 0.52734375 0.05059814453125 0.0837131076388889
11 0.84814453125 0.9305555555555556 0.093505859375 0.12141927083333333
11 0.56201171875 0.18033854166666666 0.033721923828125 0.05514865451388889
11 0.320068359375 0.21321614583333334 0.02752685546875 0.10091145833333333
11 0.09417724609375 0.0798611111111111 0.07965087890625 0.056098090277777776
11 0.365966796875 0.4947916666666667 0.09912109375 0.1279296875
11 0.041839599609375 0.7456597222222222 0.07135009765625 0.09337022569444445
11 0.3447265625 0.2269965277777778 0.0271148681640625 0.09217664930555555
11 0.4140625 0.2745225694444444 0.041839599609375 0.06179470486111111
11 0.47412109375 0.1648220486111111 0.027587890625 0.11664496527777778
11 0.30859375 0.59765625 0.079345703125 0.11881510416666667
11 0.837890625 0.5959201388888888 0.07342529296875 0.08897569444444445
11 0.1668701171875 0.10508897569444445 0.055816650390625 0.09526909722222222
11 0.72265625 0.2888454861111111 0.07147216796875 0.12250434027777778
11 0.51708984375 0.2569444444444444 0.040924072265625 0.05162217881944445
11 0.392578125 0.05859375 0.0313720703125 0.04747178819444445
11 0.578125 0.07779947916666667 0.024383544921875 0.04747178819444445
11 0.2149658203125 0.1518012152777778 0.05023193359375 0.07524956597222222