3 0.8502109704641351 0.6330532212885154 0.16666666666666666 0.2184873949579832
3 0.870253164556962 0.6624649859943977 0.1308016877637131 0.15126050420168066
3 0.8333333333333334 0.7815126050420168 0.24261603375527427 0.08403361344537816
3 0.8248945147679325 0.7605042016806722 0.26371308016877637 0.12885154061624648
3 0.6909282700421941 0.4523809523809524 0.17088607594936708 0.34173669467787116
3 0.6940928270042194 0.49719887955182074 0.16455696202531644 0.42857142857142855
3 0.6371308016877637 0.7759103641456583 0.17721518987341772 0.19887955182072828
3 0.5010548523206751 0.8319327731092437 0.08649789029535865 0.20168067226890757
3 0.41455696202531644 0.7450980392156863 0.10337552742616034 0.1568627450980392
3 0.6002109704641351 0.6820728291316527 0.17932489451476794 0.1876750700280112
3 0.4419831223628692 0.7184873949579832 0.14978902953586498 0.2184873949579832
3 0.4282700421940928 0.6918767507002801 0.1160337552742616 0.11764705882352941
3 0.5537974683544303 0.5280112044817927 0.11814345991561181 0.12324929971988796
3 0.4757383966244726 0.33473389355742295 0.08649789029535865 0.38375350140056025
3 0.4778481012658228 0.3641456582633053 0.08649789029535865 0.3333333333333333
3 0.33544303797468356 0.39355742296918766 0.1371308016877637 0.1876750700280112
3 0.3048523206751055 0.6134453781512605 0.13924050632911392 0.2605042016806723
3 0.12974683544303797 0.7352941176470589 0.21308016877637131 0.226890756302521