10 0.48570729166666665 0.41732592592592593 0.5127916666666666 0.4886240740740741 0.5282203125 0.48347962962962965 0.49736302083333334 0.413162037037037
10 0.535440625 0.41719351851851855 0.5468880208333334 0.4183074074074074 0.5476593750000001 0.4992583333333333 0.5360880208333333 0.4978861111111111
10 0.5468989583333334 0.535712037037037 0.5461166666666667 0.5623722222222222 0.6062885416666667 0.5609999999999999 0.6086026041666667 0.5431638888888889
10 0.55923125 0.47867777777777776 0.5738885416666667 0.48279351851851854 0.5607739583333333 0.537675925925926 0.5522880208333334 0.532187037037037
10 0.576065625 0.5060824074074074 0.5854598958333334 0.5212111111111112 0.6332885416666667 0.5020027777777778 0.6309739583333334 0.47867777777777776
10 0.6333572916666667 0.5134898148148148 0.61323125 0.5623722222222222 0.6248026041666667 0.5829527777777779 0.6410026041666667 0.5116064814814815
10 0.5750239583333333 0.5690453703703703 0.5731166666666667 0.5856972222222222 0.6163171875 0.6007898148148147 0.6209458333333333 0.5884416666666668 0.5823739583333333 0.5651166666666667 0.5738885416666667 0.5733490740740741 0.57543125 0.589812962962963
10 0.6556598958333333 0.5404194444444445 0.6587458333333333 0.5692324074074073 0.6224885416666667 0.6007898148148147 0.6147739583333334 0.5815814814814815
10 0.48549947916666664 0.4671194444444444 0.49540104166666665 0.45795462962962963 0.53176875 0.5564481481481482 0.5226765624999999 0.5701685185185186 0.4835541666666667 0.47020462962962967
10 0.48624375 0.48563796296296297 0.4904421875 0.49274537037037036 0.46647239583333333 0.5633083333333334 0.4546255208333333 0.5481175925925926
10 0.45379895833333334 0.3947425925925926 0.4714317708333333 0.49764629629629625 0.48548281249999997 0.48490555555555553 0.4692276041666667 0.3849425925925926 0.4587583333333333 0.3854324074074074
10 0.415559375 0.4446324074074074 0.4303807291666667 0.43639351851851854 0.44773749999999995 0.5353768518518518 0.43478854166666664 0.5432175925925925 0.4221151041666667 0.4868657407407408
10 0.40663072916666665 0.5034953703703704 0.398696875 0.5250870370370371 0.42404375 0.554487962962963 0.45214583333333336 0.5686981481481481 0.4546255208333333 0.5466472222222223 0.44305416666666664 0.534887037037037 0.43285989583333334 0.544687962962963 0.42845208333333334 0.5245972222222223
10 0.47619895833333337 0.580875925925926 0.4898911458333333 0.5829092592592593 0.48658489583333336 0.6044694444444444 0.47170729166666664 0.6069194444444445 0.47005416666666666 0.6377907407407407 0.4755645833333333 0.6422009259259259 0.48245208333333334 0.6407305555555556 0.47831927083333337 0.6814018518518519 0.4656458333333333 0.6755222222222221 0.47005416666666666 0.6431805555555555
10 0.5204697916666666 0.6013787037037037 0.5218505208333333 0.6265203703703704 0.472809375 0.6426907407407407 0.47060520833333336 0.6284805555555556 0.47060520833333336 0.6118194444444445
10 0.4868604166666667 0.5250870370370371 0.4978807291666667 0.5172462962962963 0.5011869791666667 0.5236166666666666 0.5066973958333334 0.5530175925925926 0.5160645833333334 0.5951592592592593 0.5036666666666666 0.6010398148148148
10 0.5584161458333334 0.6873574074074074 0.5615239583333334 0.6794416666666667 0.5463708333333333 0.6431805555555555 0.5276359375 0.6098592592592593 0.5204729166666666 0.6162296296296297
10 0.5416869791666666 0.651511111111111 0.5474729166666666 0.6657212962962963 0.5292890625 0.7318472222222222 0.5201973958333334 0.7161666666666667 0.5210239583333334 0.7039166666666666 0.519921875 0.6980361111111111
10 0.45424947916666664 0.7184425925925926 0.46729895833333335 0.7289074074074074 0.45572760416666663 0.8019194444444444 0.44415625 0.8043694444444445 0.4400234375 0.7916296296296297
10 0.5666010416666667 0.7528342592592593 0.5684114583333333 0.7695787037037037 0.5714421875000001 0.7754592592592593 0.6138708333333334 0.7583083333333333 0.6152484375 0.7499777777777777 0.6116671875 0.727437037037037 0.5697890624999999 0.7485083333333333
10 0.6215854166666667 0.6637351851851852 0.6169015625000001 0.6696157407407407 0.6155239583333334 0.6799055555555555 0.6392182291666667 0.7127370370370371 0.6549223958333333 0.7387074074074074 0.6656671875 0.7318472222222222 0.6667692708333333 0.720087037037037
10 0.7149838541666667 0.6980361111111111 0.7001062499999999 0.7048962962962964 0.6651161458333333 0.6612851851851852 0.668146875 0.6524648148148149 0.6742078125000001 0.647075
10 0.6860203125000001 0.7620935185185186 0.6846776041666666 0.7793787037037038 0.6808203125 0.7872194444444445 0.6463812499999999 0.7607583333333333 0.6342588541666667 0.7465481481481482 0.63949375 0.734787962962963 0.6494119791666667 0.7401777777777778
10 0.4196515625 0.6073314814814815 0.3705947916666667 0.6652055555555556 0.3667375 0.676475925925926 0.3722473958333333 0.6877462962962962 0.3722473958333333 0.6975462962962963 0.42734999999999995 0.6279638888888889 0.42073750000000004 0.6049333333333333
10 0.7351223958333333 0.6062944444444445 0.7512624999999999 0.5976 0.7580385416666666 0.6444138888888888 0.7622083333333334 0.6738472222222223 0.7652052083333333 0.6965592592592592 0.750871875 0.697486111111111 0.746571875 0.6951685185185186 0.7348442708333334 0.6045527777777778 0.7348442708333334 0.6064064814814815
10 0.7849036458333334 0.7971537037037038 0.7934177083333334 0.8127935185185186 0.7542276041666667 0.8884453703703703 0.7472979166666666 0.8708074074074074 0.7510015625 0.8582694444444445 0.7541083333333333 0.8550824074074075 0.7662953125 0.8342564814814815 0.7722692708333334 0.8157685185185185
10 0.718271875 0.8011685185185184 0.7115729166666667 0.8053555555555556 0.7071520833333333 0.8144935185185186 0.7119312499999999 0.8312814814814815 0.7416822916666667 0.9039583333333333 0.74359375 0.8994962962962963 0.7429963541666668 0.8941833333333333 0.7487317708333333 0.8810074074074075 0.7443109375 0.8765453703703704 0.747178125 0.8718703703703704
10 0.6464770833333334 0.7713398148148148 0.6446963541666667 0.7830425925925927 0.6414703125 0.7913305555555555 0.6430234375 0.7943055555555556 0.69941875 0.8132185185185185 0.7020473958333333 0.8011055555555555 0.69941875 0.7966425925925926 0.7006135416666667 0.7951555555555556 0.7008526041666666 0.7892055555555555 0.6831692708333333 0.7843175925925926 0.6803020833333334 0.7872925925925925 0.6672786458333333 0.7779425925925926 0.6463692708333333 0.7728425925925926
10 0.6788666666666666 0.8776388888888889 0.6925614583333334 0.8845777777777778 0.69158125 0.8922472222222222 0.6596328124999999 0.951161111111111 0.6539489583333334 0.9560416666666668 0.6468927083333333 0.9490694444444443 0.6463046875 0.9365194444444445 0.678253125 0.8783027777777778
10 0.7117697916666667 0.9291990740740741 0.6913854166666666 0.9990740740740741 0.707065625 0.9989194444444445 0.7252937500000001 0.9469777777777778 0.7264697916666666 0.9396574074074074 0.7215697916666667 0.9309416666666667 0.7117697916666667 0.9285018518518519
10 0.6730442708333333 0.9755055555555556 0.6794291666666666 0.9762601851851853 0.6815854166666667 0.9867185185185184 0.6743333333333333 0.9957824074074073 0.6637489583333332 0.9990740740740741 0.632584375 0.9990740740740741 0.629840625 0.9870675925925925
10 0.7450901041666668 0.9344277777777777 0.7392098958333333 0.9445370370370371 0.7250979166666667 0.9990740740740741 0.7413661458333334 0.9990740740740741 0.757634375 0.9438398148148148
10 0.8958906249999999 0.8395277777777779 0.8811651041666667 0.8480037037037037 0.8917494791666667 0.9508416666666668 0.9060572916666667 0.9431722222222222 0.8956692708333333 0.8389398148148147
10 0.8360765625000001 0.7731851851851852 0.8323604166666667 0.777899074074074 0.8323604166666667 0.7939351851851852 0.8770489583333333 0.8361166666666666 0.8850854166666667 0.8162462962962963 0.8837130208333334 0.8106685185185185 0.8356927083333333 0.7723212962962963 0.8378484375 0.7744129629629629
10 0.8665130208333333 0.6268555555555556 0.872515625 0.6206925925925926 0.8772197916666666 0.6112805555555555 0.8403713541666666 0.5429537037037037 0.8321390625 0.5516685185185185 0.8346869791666667 0.5656129629629629 0.8491911458333333 0.5840888888888889
10 0.8501036458333334 0.5031111111111112 0.8413510416666666 0.519575 0.8680072916666667 0.5610592592592593 0.8805515625000001 0.5763981481481482 0.8891755208333334 0.5593166666666667 0.8821197916666667 0.5533898148148148 0.8750635416666667 0.5652425925925926 0.8695755208333333 0.5359601851851852 0.8636953125000001 0.5265472222222223 0.8605593749999999 0.5185296296296296
10 0.9919630208333333 0.4664111111111111 0.9637416666666667 0.5331666666666667 0.9747177083333334 0.549899074074074 0.9994791666666667 0.4972601851851852 0.9994140625 0.4672796296296296 0.99490625 0.4732064814814815
10 0.9782005208333333 0.3953638888888889 0.9760895833333334 0.41359537037037036 0.9776578125000001 0.42335555555555554 0.9994791666666667 0.42056666666666664 0.9992182291666667 0.39651296296296296
10 0.9377072916666667 0.3986574074074074 0.9445333333333333 0.39232962962962964 0.9666817708333333 0.45821666666666666 0.9537453125 0.47181203703703706 0.9496296875 0.4679768518518519 0.9455135416666667 0.4418314814814815 0.9545296874999999 0.41986944444444446 0.9494333333333334 0.41359537037037036 0.945709375 0.4010453703703704 0.9410052083333333 0.4055768518518519 0.9390453125 0.41220092592592594
10 0.9415932291666667 0.3076490740740741 0.9609973958333333 0.3233361111111111 0.9490416666666667 0.3585453703703704 0.9343411458333333 0.39340555555555556 0.9312052083333333 0.388525 0.9249333333333334 0.3913138888888889 0.919053125 0.3913138888888889 0.9180729166666667 0.38225 0.9282651041666666 0.3554074074074074 0.9361052083333333 0.33240000000000003
10 0.903565625 0.21892222222222224 0.911996875 0.21712037037037038 0.9159171875 0.2195601851851852 0.9196411458333333 0.2662731481481481 0.9198369791666666 0.2837037037037037 0.9223848958333334 0.3011333333333333 0.9237572916666666 0.32658148148148153 0.9163088541666667 0.3262333333333333 0.9110166666666667 0.3182157407407407 0.902196875 0.25999814814814814
10 0.8681010416666666 0.42312407407407404 0.8602520833333334 0.4487055555555555 0.8428078125 0.4867037037037037 0.84535625 0.4996018518518519 0.8524119791666667 0.503437037037037 0.8780885416666667 0.43162407407407405 0.8686802083333334 0.4232574074074074
10 0.8228432291666666 0.36666296296296297 0.8165802083333333 0.39069166666666666 0.8632286458333333 0.43357037037037033 0.87106875 0.4123055555555556 0.8218718749999999 0.3683814814814815
10 0.8620135416666667 0.32949259259259256 0.8406885416666667 0.37420185185185184 0.84225625 0.378037037037037 0.8467645833333334 0.38675185185185185 0.8677364583333333 0.3508453703703704
10 0.9340020833333333 0.0015453703703703703 0.936328125 0.06612592592592592 0.933584375 0.08669351851851852 0.9404442708333334 0.08495 0.9514203125 0.09261944444444443 0.9498526041666667 0.0671712962962963 0.9486765625 0
10 0.8059052083333333 0.1953962962962963 0.8083489583333333 0.18992685185185185 0.8159927083333333 0.18644074074074074 0.82206875 0.2240898148148148 0.8322609375 0.26313333333333333 0.8267729166666666 0.265225 0.8232447916666668 0.26557314814814814 0.8091328125 0.22060370370370372 0.8101130208333333 0.20665925925925926
10 0.8265770833333334 0.2767287037037037 0.8101130208333333 0.2850953703703704 0.8063885416666667 0.2690592592592593 0.801096875 0.24779444444444443 0.7899244791666666 0.20665925925925926 0.7850244791666667 0.19759537037037037 0.7973729166666667 0.18853240740740743 0.8001166666666666 0.19062314814814815 0.8044286458333333 0.20212777777777777
10 0.8052130208333333 0.10616666666666666 0.8185411458333333 0.11278981481481481 0.8138369791666666 0.1389351851851852 0.8063885416666667 0.19087777777777779 0.8028609375 0.19715185185185186 0.7977645833333333 0.1870425925925926 0.79266875 0.19296944444444444
10 0.8318421874999999 0.10788148148148148 0.837553125 0.11174444444444444 0.8444135416666666 0.12011111111111111 0.8248130208333334 0.19471203703703702 0.8177567708333334 0.18564814814814815 0.8114848958333333 0.18495092592592594 0.8105046875 0.17937314814814817
10 0.8424286458333333 0.0725925925925926 0.8373572916666667 0.08707037037037037 0.8310848958333333 0.09160185185185186 0.8016848958333332 0.020835185185185186 0.7967848958333333 0.007587962962962963 0.7920807291666667 0.0030564814814814816 0.7924723958333334 0 0.8114848958333333 0.0006157407407407408
10 0.7707046875 0.04765555555555556 0.7689520833333333 0.06092500000000001 0.7658161458333334 0.06859351851851853 0.8181489583333333 0.10415185185185184 0.8224609375 0.08044629629629631 0.7711083333333334 0.04698055555555555
10 0.7956088541666666 0.01944074074074074 0.801096875 0.04349444444444444 0.7813005208333333 0.056044444444444445 0.7713041666666667 0.04802592592592593 0.7662083333333333 0.06929074074074075 0.7493520833333334 0.08079537037037036 0.7442557291666667 0.06998796296296296 0.7438640625 0.05534722222222222
10 0.7192520833333333 0.04907222222222222 0.7339520833333334 0.047328703703703706 0.7335598958333333 0.06336481481481482 0.7321880208333333 0.06859351851851853 0.7339520833333334 0.07452037037037038 0.7355203125 0.1508648148148148 0.7229760416666667 0.14563518518518517 0.7216041666666667 0.13029722222222223
10 0.786584375 0.19069166666666668 0.7879052083333333 0.19717407407407408 0.7851609375 0.19856851851851853 0.7879052083333333 0.20554074074074075 0.7859453125000001 0.221925 0.7788890625 0.21704444444444443 0.732240625 0.2104212962962963 0.7302802083333333 0.19577962962962964 0.7324364583333334 0.18462407407407408
10 0.7328578125 0.24244722222222223 0.7228302083333333 0.25751851851851854 0.6936260416666666 0.19477037037037037 0.6855901041666667 0.17803703703703705 0.6877458333333333 0.17245925925925926 0.6899020833333334 0.17071666666666666 0.6920578125 0.16583611111111113 0.6951937499999999 0.1682759259259259 0.6967619791666666 0.16478981481481483
10 0.6661630208333332 0.10270555555555555 0.6612625 0.10873055555555555 0.6571463541666667 0.12337222222222222 0.7057552083333333 0.17531388888888888 0.708303125 0.1610212962962963 0.7112432291666667 0.1554435185185185
10 0.6608703125000001 0.021927777777777775 0.6593026041666668 0.029946296296296294 0.6477380208333333 0.03587222222222222 0.6279421875 0.0020574074074074075 0.6481302083333333 0.001012037037037037 0.662634375 0.024019444444444444
10 0.6063489583333334 0.01707222222222222 0.6108895833333333 0.04179907407407407 0.64440625 0.03587222222222222 0.6346062499999999 0.0156537037037037
10 0.5997322916666668 0 0.5756093750000001 0.024716666666666665 0.5810973958333334 0.04946759259259259 0.6077536458333334 0.021927777777777775 0.6065776041666666 0.016350925925925925 0.6138296875000001 0.016350925925925925 0.6273541666666667 0.005543518518518519 0.6236302083333333 0.00031481481481481486
10 0.75080625 0.4541148148148148 0.74183125 0.4718333333333333 0.7614114583333333 0.5104740740740741 0.7777729166666667 0.5419592592592593 0.7839421875 0.5295564814814815 0.7922567708333333 0.5300333333333334 0.7930614583333334 0.5247861111111111
10 0.765703125 0.4517972222222222 0.7581927083333333 0.46467777777777775 0.7925249999999999 0.5238314814814815 0.7962802083333334 0.5204925925925925 0.7986942708333333 0.5224009259259259 0.7968166666666666 0.513337037037037 0.7960119791666667 0.5085666666666666 0.7648984375 0.4470268518518518 0.7662395833333334 0.4556138888888889
10 0.8159984375 0.3993851851851852 0.82739375 0.411725 0.8035223958333333 0.47040185185185185 0.7981578125 0.440825
10 0.9030322916666667 0.32490185185185183 0.9086645833333333 0.3358740740740741 0.8681635416666666 0.4007527777777778 0.8571661458333334 0.3792861111111111 0.8697729166666667 0.3602037037037037 0.8810380208333334 0.37737777777777776 0.8866703125 0.35638703703703706 0.884525 0.34636944444444445
10 0.8080302083333333 0.30859907407407405 0.8072770833333334 0.32490185185185183 0.8102276041666666 0.4036157407407407 0.7941343750000001 0.4036157407407407 0.7941343750000001 0.32728703703703704 0.7922567708333333 0.30534351851851854
10 0.7388541666666666 0.3401490740740741 0.7394171875000001 0.3659287037037037 0.7944026041666666 0.3726074074074074 0.7930614583333334 0.34732314814814813
10 0.7142260416666667 0.31246203703703707 0.7123270833333333 0.3225166666666667 0.7139364583333333 0.33921388888888887 0.7667760416666667 0.33825925925925926 0.7697265625 0.3334888888888889 0.7673125 0.3225166666666667 0.7659713541666666 0.3139296296296296
10 0.6718510416666666 0.380712962962963 0.6809453125 0.4036157407407407 0.6490270833333334 0.45895277777777777 0.6399072916666667 0.44368703703703705 0.6428578125000001 0.4207888888888889 0.6728984375 0.3802398148148148
10 0.6265786458333333 0.42642777777777774 0.6173770833333333 0.43653148148148146 0.61523125 0.4455953703703704 0.6415166666666666 0.48662222222222223 0.6506364583333333 0.49139259259259255 0.6554645833333334 0.4870990740740741 0.6543916666666667 0.4742185185185185
10 0.6950307291666667 0.32533981481481483 0.6940880208333333 0.3373055555555556 0.6922104166666667 0.3487546296296296 0.6546598958333333 0.33492037037037037 0.6511729166666667 0.32490185185185183 0.6525140625 0.3220398148148148 0.6519776041666667 0.31345277777777775 0.6581463541666667 0.3062972222222222
10 0.6589510416666666 0.34064444444444447 0.6680708333333333 0.3644972222222222 0.6313244791666667 0.41411018518518516 0.6254234375000001 0.4050462962962963 0.6315927083333333 0.39121203703703705 0.6382984374999999 0.3664055555555556
10 0.6087223958333333 0.3094925925925926 0.6038942708333334 0.30853888888888886 0.5990666666666667 0.3209416666666667 0.6049671875 0.32762037037037034 0.6258885416666666 0.343362962962963 0.640640625 0.36387592592592594 0.6476145833333333 0.3557666666666667 0.6476145833333333 0.3443175925925926 0.6285708333333333 0.32809722222222226 0.6063083333333333 0.30758425925925925
10 0.6222322916666666 0.30666759259259263 0.6234744791666667 0.3137861111111111 0.6274979166666667 0.32284999999999997 0.6333989583333334 0.32284999999999997 0.6712177083333334 0.2913648148148148 0.67068125 0.27753055555555556 0.6669265625 0.267512037037037 0.6465416666666666 0.29375 0.6419817708333333 0.2947037037037037 0.6417135416666666 0.28897962962962964
10 0.63744375 0.2654592592592593 0.6411770833333333 0.29041018518518513 0.6454687499999999 0.2951814814814815 0.6894567708333333 0.24127407407407409 0.6870427083333334 0.2264861111111111 0.6830197916666666 0.21694537037037037
10 0.6613479166666667 0.21459351851851852 0.6511010416666667 0.2522462962962963 0.67068125 0.2307796296296296 0.6720223958333332 0.22123796296296297
10 0.6407036458333334 0.11865648148148149 0.6524421875 0.13487962962962963 0.6315213541666667 0.20118981481481482 0.6186463541666666 0.23839907407407407 0.6100635416666667 0.23649166666666666 0.6055036458333334 0.22456481481481483 0.6401041666666667 0.11675185185185186
10 0.598690625 0.08002407407407408 0.6067416666666666 0.07871666666666666 0.6155932291666667 0.08539537037037037 0.6139838541666667 0.09779814814814815 0.6118380208333334 0.11163240740740742 0.6075463541666667 0.15790648148148148 0.5997682291666667 0.1588611111111111 0.5952083333333333 0.15170462962962963 0.5973541666666667 0.11449537037037037
10 0.5802197916666666 0.06006388888888889 0.5911848958333333 0.07012962962962963 0.5836749999999999 0.10829351851851851 0.5718729166666667 0.15265925925925927 0.5657041666666667 0.1397787037037037 0.5579255208333334 0.1373935185185185
10 0.5175625 0.3865083333333333 0.5267494791666667 0.3823148148148148 0.5331864583333333 0.38756203703703707 0.5296994791666667 0.43097407407407406 0.5313088541666667 0.472 0.5189708333333333 0.457212037037037
10 0.464684375 0.3671916666666667 0.4599625 0.38326944444444444 0.5128015625 0.4333592592592593 0.5152156250000001 0.4214333333333334 0.5189708333333333 0.4171398148148148 0.5181661458333333 0.410937962962963
10 0.5728786458333333 0.3269592592592592 0.576690625 0.3219888888888889 0.5830875 0.31425925925925924 0.5859020833333334 0.3192611111111111 0.5976723958333333 0.35972777777777776 0.6056046875 0.3901907407407407 0.5976723958333333 0.3965564814814815 0.5876932291666667 0.3820064814814815
10 0.5269244791666667 0.23174907407407405 0.5242364583333333 0.2421361111111111 0.5296098958333333 0.25486666666666663 0.5375421874999999 0.2535027777777778 0.5756671875 0.24440925925925924 0.5733645833333333 0.21667407407407407 0.5275630208333334 0.2330425925925926
10 0.5535296875 0.1322398148148148 0.562528125 0.15536203703703702 0.5223557291666666 0.2285648148148148 0.5141677083333334 0.21037777777777777
10 0.5393630208333333 0.062214814814814806 0.5378244791666666 0.08882314814814815 0.5027697916666667 0.09337037037037037 0.4687385416666666 0.09973611111111111 0.4787177083333333 0.08109351851851852 0.47641510416666666 0.07381944444444444
10 0.47025937500000003 0.019216666666666667 0.4756473958333334 0.010163888888888889 0.480253125 0.011527777777777777 0.4904880208333333 0.048357407407407405 0.5037932291666667 0.093825 0.49790833333333334 0.10473703703703703 0.491 0.10428240740740741 0.480253125 0.057450925925925926
10 0.48235260416666664 0.12978333333333333 0.4863942708333333 0.12065092592592593 0.4922791666666667 0.12246944444444444 0.49534947916666666 0.1320175925925926 0.5060963541666667 0.20294814814814816 0.5012348958333334 0.21431481481481482 0.49330260416666666 0.2124962962962963
10 0.45885729166666667 0.0014037037037037037 0.4742625 0.06488888888888888 0.47068020833333335 0.06716296296296297 0.4445807291666667 0.0021435185185185186
10 0.43985364583333336 0.005702777777777778 0.4427895833333333 0.005325925925925926 0.47886822916666666 0.08398518518518518 0.46633020833333333 0.09671666666666666 0.45046614583333333 0.060342592592592594 0.43588125000000005 0.025332407407407408 0.44125468749999996 0.022149074074074074
10 0.38547395833333337 0.019875925925925925 0.42436666666666667 0.004416666666666666 0.43869583333333334 0.0016888888888888889 0.4404869791666667 0.024877777777777776 0.41234062499999996 0.03169722222222222 0.38547395833333337 0.041700925925925926 0.38112395833333335 0.022149074074074074 0.3852182291666667 0.018057407407407407
10 0.40184687500000005 0.03027314814814815 0.399803125 0.05124907407407407 0.4461161458333333 0.06534351851851852 0.4563510416666666 0.05670462962962963 0.453025 0.046247222222222224 0.4458604166666667 0.0371537037037037 0.40210572916666665 0.03215185185185185
10 0.4333223958333334 0.06443425925925926 0.45148958333333333 0.10808333333333334 0.4622359375 0.09444351851851851 0.45916562499999997 0.08171203703703703 0.44969843750000005 0.06170648148148148 0.43281041666666664 0.06488888888888888
10 0.42326875 0.08309907407407408 0.42794895833333335 0.07625648148148148 0.433834375 0.0739824074074074 0.4394635416666667 0.09671666666666666 0.4491864583333333 0.155825 0.44074270833333334 0.16264537037037038 0.4333223958333334 0.15491574074074074 0.43050781250000003 0.12399722222222222
10 0.4436546875 0.10951203703703703 0.46735364583333333 0.1208148148148148 0.4660744791666667 0.12854444444444443 0.4502098958333333 0.12717962962962964 0.4502098958333333 0.1367287037037037 0.444325 0.13309074074074073 0.44406927083333336 0.11672222222222223
10 0.4522572916666666 0.12990833333333332 0.4668421875 0.1294537037037037 0.4655625 0.15264166666666668 0.46274791666666665 0.18037777777777778 0.46146875 0.2259611111111111 0.4619802083333333 0.25551574074074074 0.4468838541666667 0.25551574074074074 0.4476515625 0.17685648148148148
10 0.46438541666666666 0.17769444444444443 0.4880796875 0.20004444444444444 0.5093171875 0.2268703703703704 0.5067583333333333 0.23505462962962964 0.4921734375 0.2300537037037037 0.46351562500000004 0.20095462962962962 0.46402708333333337 0.17685648148148148
10 0.4069671875 0.15184907407407408 0.4026177083333333 0.17049074074074075 0.40440885416666666 0.18049351851851853 0.44534843749999997 0.19367962962962965 0.4476515625 0.16867222222222222
10 0.42776041666666664 0.13592592592592595 0.4330666666666667 0.15821481481481484 0.42487864583333335 0.15912407407407408 0.4072234375 0.15139444444444444 0.40287343750000004 0.178675 0.39340625 0.16503425925925924 0.40645572916666667 0.1504851851851852 0.42692552083333335 0.13502592592592594
10 0.4036411458333333 0.17958425925925925 0.4468838541666667 0.19686203703703703 0.446371875 0.22005092592592593 0.4161786458333333 0.20322777777777776
10 0.3762625 0.1682175925925926 0.3844505208333333 0.15639537037037038 0.40645572916666667 0.18458611111111112 0.44023125 0.2400564814814815 0.42948437500000003 0.2614259259259259 0.3957088541666666 0.20322777777777776
10 0.4246510416666667 0.10828425925925926 0.42922864583333337 0.1345712962962963 0.37805364583333334 0.15912407407407408 0.3708890625 0.164125 0.3683302083333333 0.1304787037037037
10 0.37766041666666667 0.11381203703703704 0.3741307291666667 0.12929814814814813 0.39920625 0.11793148148148148
10 0.35692916666666663 0.10337037037037038 0.3403552083333333 0.15430555555555556 0.34854322916666663 0.18067685185185184 0.37489843749999996 0.1047462962962963
10 0.34690885416666667 0.0751138888888889 0.3470078125 0.10701944444444444 0.40841770833333335 0.1092925925925926 0.4025328125 0.09792592592592593 0.4050916666666666 0.08564907407407407
10 0.3413807291666667 0.05238703703703704 0.34521666666666667 0.045637962962962964 0.354428125 0.052003703703703705 0.3557078125 0.07246388888888888 0.34828749999999997 0.07428240740740741 0.3500786458333333 0.10019907407407408 0.3562192708333333 0.1047462962962963 0.33881979166666665 0.15294166666666667 0.3349817708333333 0.14794074074074076
10 0.34932760416666664 0.0020175925925925925 0.34368177083333334 0.012122222222222223 0.3439375 0.02758148148148148 0.38692447916666667 0.07577777777777778 0.39536822916666664 0.052588888888888886
10 0.33239739583333333 0.011845370370370369 0.34009947916666666 0.02257962962962963 0.3439375 0.03394722222222222 0.32525885416666667 0.061682407407407415 0.30606822916666665 0.08305185185185185 0.30171822916666663 0.07896018518518519 0.2986479166666667 0.06486481481481482 0.31425624999999996 0.035765740740740744 0.33216718749999996 0.01303148148148148
10 0.30990625 0.0012101851851851852 0.307603125 0.03712962962962963 0.31425624999999996 0.03940277777777778 0.32142031249999997 0.026217592592592594 0.31860572916666663 0.001664814814814815
10 0.33032395833333333 0.13899722222222222 0.32653177083333335 0.14579814814814815 0.31680833333333336 0.1462527777777778 0.2784270833333334 0.07623240740740742 0.2866151041666667 0.06759351851851852 0.2919885416666667 0.06486481481481482
10 0.2433723958333333 0.01894259259259259 0.2873828125 0.058499999999999996 0.28687083333333335 0.06668333333333333 0.2784270833333334 0.08032407407407408 0.2374875 0.03440185185185186
10 0.25983854166666664 0.000175 0.2722864583333333 0.016669444444444445 0.26972760416666663 0.03349259259259259 0.2676807291666667 0.03894814814814815 0.24490781250000002 0.01303148148148148 0.2426046875 0.0030287037037037036
10 0.24417291666666668 0.017578703703703704 0.22984375 0.02985462962962963 0.21525885416666668 0.03121851851851852 0.21346770833333334 0.022125 0.22293541666666666 0.0025740740740740737 0.24212552083333333 0
10 0.24007864583333335 0.040766666666666666 0.24468437499999998 0.03758425925925926 0.24749895833333332 0.04395 0.24929010416666667 0.0598638888888889 0.223446875 0.08305185185185185 0.20041822916666666 0.0807787037037037 0.19555677083333334 0.06895740740740741
10 0.1890067708333333 0.11442685185185185 0.1958125 0.10214907407407407 0.20246510416666666 0.10896851851851852 0.227796875 0.15580092592592593 0.22549375 0.17353333333333332 0.21807343750000002 0.17626111111111112
10 0.24212552083333333 0.10760462962962962 0.24186979166666667 0.13579444444444444 0.29125364583333335 0.1498898148148148 0.2925328125 0.12079074074074075 0.27769218749999997 0.11669814814814815
10 0.2462197916666667 0.07395833333333333 0.2500578125 0.0630462962962963 0.2620838541666667 0.06577407407407408 0.27743645833333336 0.11397037037037036 0.27794791666666663 0.13761388888888887 0.26796875 0.14170555555555556
10 0.10573697916666666 0.0014037037037037037 0.11381458333333333 0.02030648148148148 0.14068125 0.0034833333333333335
10 0.08848333333333333 0.010303703703703704 0.08592447916666666 0.02758148148148148 0.074921875 0.036675 0.046519791666666664 0.0030287037037037036 0.074921875 0.001664814814814815
10 0.0611046875 0.06759351851851852 0.07006041666666667 0.05622592592592592 0.0738984375 0.057589814814814816 0.08950677083333333 0.1626212962962963 0.07210729166666667 0.16307592592592593
10 0.047344270833333334 0.000175 0.052404687500000005 0.09214537037037036 0.04165833333333333 0.09987499999999999 0.0314234375 0
10 0.0549453125 0.09968425925925926 0.06340729166666667 0.11033333333333332 0.056243229166666665 0.19717685185185185 0.042681770833333334 0.1939935185185185 0.0385875 0.18080833333333332 0.045240625 0.13533981481481483
10 0.0010447916666666665 0.05852962962962963 0.036153125 0.07578611111111111 0.040246875 0.09033611111111112 0.036408854166666664 0.10079351851851852 0.0013541666666666667 0.084425
10 0.010719270833333332 0.1322398148148148 0.023103645833333335 0.11716203703703704 0.0412703125 0.1635388888888889 0.05252916666666666 0.2117351851851852 0.03794427083333333 0.22310185185185183
10 0.12888645833333331 0.29870370370370375 0.13709739583333333 0.30293611111111113 0.13991197916666664 0.3129398148148148 0.10690416666666666 0.40569351851851854 0.10050729166666666 0.3934175925925926
10 0.00035364583333333336 0.4209407407407407 0.030564583333333332 0.39569074074074073 0.034403125 0.3952361111111111 0.03772916666666667 0.403875 0.03772916666666667 0.42433611111111114 0.028261979166666666 0.4307009259259259 0.0021625 0.4507074074074074 0.00037187499999999997 0.4497981481481481
10 0.07472395833333333 0.5237361111111111 0.08112083333333334 0.5555638888888889 0.10901145833333332 0.5478342592592592 0.12922552083333333 0.5214629629629629 0.12461979166666667 0.5037305555555556
10 0.0756765625 0.5579194444444444 0.07907395833333333 0.5896648148148148 0.12513125 0.5692037037037038 0.1241078125 0.5487435185185185
10 0.11841979166666668 0.4220361111111111 0.11355833333333334 0.4411333333333333 0.16038333333333332 0.4934212962962963 0.16805937499999998 0.47432407407407406
10 0.117484375 0.4498101851851852 0.11406979166666667 0.46386666666666665 0.13044583333333332 0.4861462962962963 0.16294166666666668 0.510699074074074 0.16780364583333332 0.4947851851851852 0.16268593750000002 0.4911472222222222 0.1585921875 0.4938759259259259
10 0.172409375 0.4161259259259259 0.16933854166666668 0.5120629629629629 0.18469114583333335 0.5202472222222222 0.18699427083333334 0.5143361111111111 0.18801770833333334 0.42021759259259256 0.18136510416666668 0.4143074074074074
10 0.1465078125 0.4473537037037037 0.16550052083333336 0.43067500000000003 0.172153125 0.4438611111111111 0.16985052083333332 0.459775 0.16140677083333335 0.4684138888888889
10 0.2173395833333333 0.39391296296296296 0.1882734375 0.4593203703703703 0.18673802083333332 0.46386666666666665 0.19646145833333334 0.48478240740740747 0.20183489583333333 0.4715962962962963 0.22844583333333332 0.4093055555555556
10 0.21667552083333333 0.3538351851851852 0.20362604166666667 0.4102148148148148 0.2051609375 0.41794444444444445 0.21769895833333336 0.38930000000000003 0.22256041666666665 0.39248240740740736 0.23484270833333334 0.3511064814814815 0.23330729166666667 0.3415583333333333 0.22588697916666664 0.34337685185185185 0.22204895833333332 0.34883333333333333 0.218978125 0.3465601851851852
10 0.12681354166666667 0.4946509259259259 0.12456093750000001 0.501150925925926 0.1309578125 0.5197925925925926 0.1795739583333333 0.5352518518518519 0.18213229166666667 0.5134268518518519
10 0.16599531250000002 0.5320685185185186 0.160621875 0.5361611111111111 0.16036614583333333 0.5466185185185185 0.2148671875 0.5884490740740741 0.2192171875 0.5757175925925926 0.20616718750000002 0.5575305555555556
10 0.1827875 0.52475 0.21896093749999998 0.5329777777777778 0.224334375 0.5329777777777778 0.22817239583333335 0.5479824074074074 0.22484635416666665 0.5602583333333333 0.20130572916666667 0.552075 0.17904479166666668 0.5366157407407407
10 0.22372239583333334 0.4248972222222222 0.21950468750000002 0.43192314814814814 0.21317864583333332 0.4487851851851852 0.2337385416666667 0.4712675925925926 0.2535078125 0.4970287037037038 0.26220625 0.4806351851851852 0.24401875 0.4525314814814815
10 0.2448921875 0.41464814814814815 0.2506083333333333 0.40944074074074077 0.26220625 0.41365555555555555 0.26194270833333333 0.4394166666666667 0.26088802083333335 0.46330462962962965 0.2529807291666667 0.46330462962962965 0.24533645833333334 0.45440555555555556
10 0.2705197916666667 0.4671685185185185 0.28013020833333335 0.4862555555555555 0.27433125 0.49843333333333334 0.23400208333333333 0.5527666666666667 0.22793958333333333 0.5424620370370371 0.22635833333333333 0.5270055555555556 0.24507291666666667 0.5101435185185186 0.2529807291666667 0.5068648148148148
10 0.2394046875 0.5525009259259259 0.22148072916666667 0.6274435185185185 0.20671979166666665 0.6288481481481482 0.2083015625 0.6115175925925925 0.22174427083333334 0.560463888888889
10 0.27977395833333335 0.5462648148148148 0.2747255208333333 0.560463888888889 0.26365520833333334 0.5946555555555555 0.2802609375 0.6026185185185184 0.29054114583333335 0.5651472222222222 0.29238593749999997 0.5539064814814816
10 0.15158125 0.7262287037037037 0.15079010416666666 0.7332546296296296 0.15606197916666667 0.7491796296296297 0.16186093750000002 0.7496481481481482 0.20166302083333332 0.7004675925925926 0.20166302083333332 0.6896944444444445 0.19401875000000002 0.6770481481481482
10 0.20772552083333334 0.707025 0.19401875000000002 0.7224814814814815 0.17714895833333333 0.7482425925925925 0.16871406249999998 0.7646361111111111 0.18083958333333333 0.7833712962962963 0.21695104166666665 0.7224814814814815 0.21774166666666667 0.7145185185185184
10 0.1340671875 0.8062268518518518 0.1454015625 0.7926435185185184 0.15093697916666665 0.8095055555555555 0.16279843749999998 0.8511916666666667 0.17729583333333335 0.8872574074074074 0.16385260416666667 0.8999037037037037 0.154890625 0.8689907407407408
10 0.10270052083333334 0.8835101851851852 0.11456197916666667 0.8760157407407407 0.11956979166666667 0.8891305555555555 0.11719791666666667 0.9261333333333334 0.11746145833333334 0.9781240740740741 0.10243697916666666 0.9757824074074074
10 0.13099270833333335 0.9657953703703703 0.14592864583333334 0.9990740740740741 0.16279843749999998 0.9990740740740741 0.154890625 0.9757824074074074 0.154890625 0.9692249999999999 0.14566510416666667 0.9528314814814814 0.13011354166666667 0.9664148148148148
10 0.9994791666666667 0 0 0 0 0.9990740740740741 0.9994791666666667 0.9990740740740741
10 1 0.000925925925925926 0.0005208333333333333 0.000925925925925926 0.0005208333333333333 1 1 1
10 0.35208333333333336 0.775 0.35 0.7824074074074074 0.35 0.7962962962962963 0.36041666666666666 0.8212962962962963 0.36302083333333335 0.8351851851851851 0.3802083333333333 0.850925925925926 0.39479166666666665 0.8527777777777777 0.4005208333333333 0.8472222222222222 0.4005208333333333 0.8333333333333334 0.3890625 0.812037037037037 0.3854166666666667 0.7851851851851852 0.37604166666666666 0.762962962962963 0.3703125 0.7574074074074074 0.3651041666666667 0.7574074074074074
10 0.23125 0.7185185185185186 0.23020833333333332 0.7277777777777777 0.23333333333333334 0.7712962962962963 0.23645833333333333 0.7870370370370371 0.24270833333333333 0.7953703703703704 0.25104166666666666 0.8 0.25625 0.799074074074074 0.2635416666666667 0.7851851851851852 0.26510416666666664 0.7425925925925926 0.259375 0.7305555555555555 0.24427083333333333 0.7101851851851851 0.24010416666666667 0.7083333333333334
10 0.26647604166666666 0.7431925925925926 0.2804604166666667 0.759461111111111 0.25810104166666664 0.8622592592592593 0.24213020833333332 0.8427083333333333
10 0.18979583333333333 0.9306342592592592 0.19350729166666666 0.9587509259259259 0.25810104166666664 0.9278481481481482 0.2538421875 0.8994685185185186 0.19315260416666666 0.9310009259259259
10 0.24251354166666667 0.9365981481481481 0.24035572916666667 0.9625342592592593 0.3060140625 0.9795620370370369 0.30530468749999995 0.9524435185185184
10 0.2928354166666667 0.8786611111111111 0.29678645833333334 0.8723500000000001 0.30211041666666666 0.8755027777777777 0.32979322916666665 0.9789314814814816 0.32730885416666666 0.9928064814814814 0.31240260416666665 0.9801935185185184
10 0.16822916666666668 0.969825925925926 0.18250520833333334 0.9964638888888889 0.20273489583333332 0.9989861111111111 0.181440625 0.9542092592592593
10 0.38358020833333334 0.9617768518518519 0.38499947916666666 0.9990740740740741 0.3970666666666667 0.9990740740740741 0.3960020833333333 0.9592546296296295 0.37825624999999996 0.9592546296296295
10 0.3992296875 0.9817546296296297 0.4109083333333333 0.9706064814814815 0.41907135416666663 0.9964638888888889 0.405584375 0.9970944444444445 0.395646875 0.9781740740740742
10 0.2788796875 0.8418685185185185 0.2774598958333333 0.8683564814814815 0.3480875 0.8879074074074075 0.35305625 0.8759240740740741 0.34986197916666667 0.8557435185185185
10 0.21768802083333333 0.7996138888888888 0.22478645833333333 0.8153805555555556 0.20846041666666668 0.8759240740740741 0.19461927083333333 0.8664648148148149 0.20491145833333332 0.8166416666666666 0.21059010416666668 0.8040287037037037 0.20739583333333333 0.7825861111111111 0.20846041666666668 0.752313888888889 0.21626874999999998 0.7611435185185185
10 0.27606145833333334 0.7397842592592593 0.286946875 0.7285462962962963 0.3227932291666667 0.8212537037037037 0.3096614583333333 0.8294518518518519
10 0.2933145833333333 0.7397842592592593 0.29688437500000003 0.7354833333333334 0.3419583333333333 0.8017027777777779 0.3330854166666667 0.8231453703703703 0.3288265625 0.8275601851851851 0.32243802083333334 0.8136861111111111
10 0.2985864583333333 0.6784398148148149 0.2951270833333333 0.6945416666666667 0.29690208333333334 0.717875925925926 0.35901145833333337 0.7229212962962963 0.35688177083333333 0.704000925925926
10 0.3302171875 0.4296537037037037 0.32286302083333335 0.5258046296296297 0.33493020833333337 0.5308490740740741 0.3462869791666667 0.4318351851851852 0.34025364583333334 0.4267898148148148 0.3324458333333334 0.43688055555555555 0.3278317708333333 0.42742037037037034
10 0.3565760416666667 0.5208185185185186 0.350625 0.5403092592592592 0.4017322916666667 0.6128361111111111 0.40421666666666667 0.5838249999999999
10 0.3783083333333333 0.5396787037037036 0.3829223958333333 0.5270657407407408 0.3669510416666667 0.5163444444444445 0.34672135416666666 0.5138212962962964 0.34210729166666665 0.5276962962962963 0.34175260416666664 0.5579675925925927 0.34636614583333336 0.5743657407407408 0.35594895833333334 0.5756268518518519 0.3545291666666667 0.557337037037037 0.3509802083333333 0.551661111111111 0.3520447916666667 0.5396787037037036 0.34956041666666665 0.5207592592592593 0.3545291666666667 0.5283268518518518 0.36553125000000003 0.5270657407407408
10 0.46111874999999997 0.3412222222222222 0.46218333333333333 0.3494212962962963 0.46963645833333334 0.36329537037037035 0.42314322916666663 0.4162712962962963 0.4149802083333333 0.39293703703703703
10 0.4144625 0.3187574074074074 0.4283036458333333 0.33641574074074077 0.4009755208333334 0.4026361111111111 0.38855364583333335 0.3887611111111111
10 0.3489078125 0.20131574074074074 0.357446875 0.22271759259259258 0.3205359375 0.28578425925925927 0.3173416666666667 0.27380185185185185 0.31840625 0.25109722222222225
10 0.28085364583333333 0.27373703703703706 0.27297760416666667 0.29082962962962966 0.3095338541666666 0.35137314814814813 0.3233755208333333 0.36209444444444444 0.33118333333333333 0.3564185185185185 0.33579739583333335 0.3412824074074074 0.3173416666666667 0.3261462962962963
10 0.9677661458333334 0.7548398148148148 0.9615760416666668 0.7897814814814815 0.9987182291666666 0.8130759259259259 0.9994791666666667 0.7871925925925926