0 0.11517970401691331 0.6835211267605634 0.2091120507399577 0.3691901408450704
0 0.633784355179704 0.8847887323943662 0.1973784355179704 0.21957746478873238
0 0.45044397463002117 0.5334859154929578 0.31200845665961946 0.4257394366197183
0 0.5209936575052855 0.45580985915492955 0.14830866807610996 0.23767605633802816
0 0.7275475687103594 0.7640140845070422 0.39697674418604656 0.4505281690140845
0 0.5771458773784356 0.11598591549295774 0.17408033826638478 0.21651408450704226
0 0.31883720930232556 0.25799295774647885 0.09949260042283299 0.17830985915492958
0 0.7197251585623679 0.43183098591549296 0.19591966173361522 0.28035211267605636
0 0.3786680761099366 0.44035211267605634 0.17955602536997886 0.20859154929577464
0 0.4162579281183932 0.9482394366197183 0.09826638477801268 0.10306338028169014
0 0.3679281183932347 0.9262676056338028 0.10302325581395348 0.14352112676056336
0 0.3498520084566596 0.09503521126760563 0.11145877378435518 0.17950704225352113
0 0.8574207188160676 0.11577464788732396 0.1099154334038055 0.11862676056338027
0 0.2561099365750529 0.7965492957746478 0.14856236786469343 0.17890845070422537
0 0.8930655391120508 0.17281690140845068 0.20274841437632138 0.25778169014084507
0 0.3752431289640592 0.7152464788732394 0.17139534883720928 0.13580985915492957
0 0.3107822410147992 0.04299295774647888 0.037695560253699786 0.08598591549295775
0 0.1677167019027484 0.6363380281690141 0.08080338266384778 0.1220774647887324
0 0.19128964059196618 0.27813380281690137 0.14245243128964058 0.1891901408450704
0 0.3913530655391121 0.6005633802816901 0.1269556025369979 0.19447183098591547
0 0.9034672304439746 0.5826760563380281 0.19304439746300212 0.5139436619718311
0 0.30932346723044396 0.6920422535211267 0.06792811839323468 0.09179577464788732
0 0.551754756871036 0.40661971830985916 0.04287526427061311 0.09894366197183099
0 0.3862367864693446 0.19679577464788733 0.19494714587737844 0.3691901408450704
0 0.7597674418604651 0.3328169014084507 0.10541226215644821 0.1175
0 0.5922832980972516 0.9181338028169014 0.06439746300211417 0.10968309859154929
0 0.8486257928118393 0.39806338028169014 0.13342494714587738 0.5379577464788733
0 0.6879915433403806 0.6851408450704226 0.14293868921775899 0.19852112676056338
0 0.3725581395348837 0.04654929577464789 0.043276955602537 0.08492957746478874
0 0.41771670190274846 0.08524647887323944 0.10761099365750529 0.16193661971830986
0 0.3017547568710359 0.43140845070422534 0.08179704016913318 0.23686619718309856
0 0.5537209302325582 0.8815492957746479 0.035729386892177584 0.1098943661971831
0 0.28661733615221985 0.8807394366197183 0.10156448202959831 0.23257042253521126
0 0.8256871035940804 0.13285211267605632 0.0480338266384778 0.05922535211267606
0 0.3596194503171247 0.45338028169014083 0.04849894291754757 0.11496478873239437
0 0.9204228329809725 0.4469718309859155 0.12232558139534884 0.27355633802816903
0 0.8594080338266384 0.8688732394366196 0.28118393234672306 0.2622535211267606
0 0.48511627906976745 0.9161619718309859 0.1161522198731501 0.16771126760563382
0 0.07520084566596194 0.38566901408450704 0.1431923890063425 0.19883802816901408
0 0.7211839323467231 0.6388028169014084 0.0922198731501057 0.16771126760563382
0 0.15099365750528543 0.3275352112676056 0.06938689217758985 0.09845070422535211
0 0.5644608879492601 0.3419718309859155 0.08063424947145878 0.13235915492957748
0 0.8042071881606765 0.7270422535211267 0.047336152219873154 0.11943661971830986
0 0.9663002114164905 0.09454225352112676 0.043699788583509515 0.07246478873239436
0 0.6284143763213531 0.4733098591549295 0.08661733615221986 0.11496478873239437
0 0.16887949260042281 0.3844718309859155 0.3347357293868922 0.7571830985915493
0 0.7202114164904863 0.09848591549295774 0.10541226215644821 0.19700704225352114
0 0.6772938689217759 0.1858450704225352 0.4031923890063425 0.37