10 0.4878205128205128 0.8398356409191 0.11923076923076924 0.09847470716246909
10 0.26282051282051283 0.6582665057234679 0.11282051282051282 0.10969541113017899
10 0.8752137012970753 0.5920437024920907 0.14273509490184294 0.13622416364178366
10 0.7080078125 0.6650390625 0.107421875 0.0809326171875
10 0.127685546875 0.444091796875 0.08819580078125 0.1077880859375
10 0.45166015625 0.55517578125 0.048858642578125 0.1365966796875
10 0.430419921875 0.63232421875 0.11126708984375 0.1114501953125
10 0.51416015625 0.54345703125 0.11065673828125 0.10369873046875
10 0.611328125 0.6376953125 0.06500244140625 0.11370849609375
10 0.329833984375 0.48828125 0.1214599609375 0.08514404296875
10 0.52294921875 0.62255859375 0.0794677734375 0.11328125
10 0.40234375 0.52197265625 0.0413818359375 0.1285400390625
10 0.94384765625 0.396240234375 0.04400634765625 0.09039306640625
10 0.72998046875 0.306640625 0.11083984375 0.09539794921875
10 0.6748046875 0.54638671875 0.04052734375 0.12060546875
10 0.66748046875 0.253173828125 0.045013427734375 0.09661865234375
10 0.640625 0.383056640625 0.092529296875 0.0870361328125
10 0.52685546875 0.440673828125 0.11358642578125 0.08819580078125
10 0.28173828125 0.40185546875 0.1246337890625 0.0833740234375
10 0.4736328125 0.391845703125 0.0592041015625 0.08514404296875
10 0.80029296875 0.443359375 0.10284423828125 0.11865234375
10 0.340576171875 0.599609375 0.061309814453125 0.09588623046875
10 0.58544921875 0.58544921875 0.060211181640625 0.08367919921875
10 0.283447265625 0.501953125 0.0537109375 0.06695556640625
10 0.429443359375 0.365966796875 0.047149658203125 0.123779296875
10 0.65966796875 0.63037109375 0.033538818359375 0.1253662109375
10 0.265380859375 0.5615234375 0.07586669921875 0.107421875
10 0.38134765625 0.369873046875 0.033721923828125 0.07781982421875
10 0.405029296875 0.46630859375 0.13818359375 0.0626220703125
10 0.6962890625 0.4580078125 0.09857177734375 0.08465576171875
10 0.5224609375 0.35888671875 0.0311431884765625 0.078369140625
10 0.58447265625 0.332275390625 0.042724609375 0.0751953125
10 0.384521484375 0.420166015625 0.0701904296875 0.051910400390625
10 0.93798828125 0.470947265625 0.058563232421875 0.08935546875
10 0.82470703125 0.5673828125 0.040771484375 0.065185546875