2 0.3227011845029634 0.9305690977201613 0.12126443797144394 0.08242671669007763
2 0.8939655172413793 0.4090086725573077 0.06379310344827585 0.1737596478769756
2 0.6074712819066541 0.0436786632496882 0.05287359829606681 0.07860383094240868
2 0.0827586206896553 0.3061888550140456 0.05172413793103448 0.16244774388288824
2 0.607421875 0.06061201336003151 0.06439208984375 0.11852809361049108
2 0.958984375 0.3934203075761555 0.057708740234375 0.21344353170955882
2 0.6943359375 0.06756101335797991 0.077392578125 0.13512202671595983
2 0.0831298828125 0.4198218594078256 0.036712646484375 0.14446482938878677
2 0.050048828125 0.4503137925091912 0.0309600830078125 0.1216888427734375
2 0.049407958984375 0.14651002002363445 0.04620361328125 0.12150291635208771
2 0.07586669921875 0.5313777122176996 0.0282745361328125 0.08580504345292804
2 0.12359619140625 0.24672436113117122 0.03448486328125 0.18276567218684348
2 0.2213134765625 0.9214513442095589 0.06597900390625 0.04429696988658745
2 0.595703125 0.04029955182756696 0.0271759033203125 0.0775313177028624
2 0.5478515625 0.2870703945640756 0.040679931640625 0.06642221402721245
2 0.544921875 0.060054234095982144 0.09600830078125 0.1178773511357668
2 0.458740234375 0.4406456185990021 0.0496826171875 0.08013428760175946
2 0.8330078125 0.5224532439929097 0.06890869140625 0.2651310768448004
2 0.9130859375 0.6972240800617122 0.040313720703125 0.15013558523995535
2 0.378662109375 0.5763719061843487 0.08197021484375 0.10179471568900998
2 0.4248046875 0.7530020064666492 0.10614013671875 0.10476953843060662
2 0.79345703125 0.05029309697511817 0.056243896484375 0.09900581936876313
2 0.475830078125 0.8418748358718487 0.058441162109375 0.04225177925173976
2 0.91455078125 0.4919613108915441 0.06085205078125 0.14446482938878677
2 0.505859375 0.23668433437828257 0.049774169921875 0.07251130432641807
2 0.8544921875 0.42911818047531514 0.0325927734375 0.09003486953863576
2 0.81884765625 0.5741407891281513 0.043701171875 0.11824920397846639
2 0.57958984375 0.6641291770614496 0.037200927734375 0.16510266215861344
2 0.7333984375 0.4280026219472164 0.04534912109375 0.09630988625919118
2 0.1322021484375 0.6087231034992122 0.06500244140625 0.07023370566488314
2 0.6923828125 0.35697872899159666 0.0394287109375 0.1585952374113708
2 0.05194091796875 0.2881859530921744 0.039794921875 0.08045965883912158
2 0.51318359375 0.35809428751969535 0.1265869140625 0.23817174574908087
2 0.1895751953125 0.4845242540375525 0.05645751953125 0.1326585016330751
2 0.95654296875 0.7057766954438025 0.081787109375 0.2881859530921744
2 0.6767578125 0.07595094312138918 0.02337646484375 0.08547967221556592
2 0.51123046875 0.09919174579011292 0.0364990234375 0.15255262871750264
2 0.492919921875 0.712470046612395 0.039276123046875 0.13916592638031774
2 0.046295166015625 0.6377276252297794 0.053009033203125 0.23147839458048844
2 0.86376953125 0.2523021537716649 0.040679931640625 0.11852809361049108
2 0.474853515625 0.37687285607602417 0.05975341796875 0.11350808023404674
2 0.94970703125 0.5042324547006303 0.059967041015625 0.12866108357405462
2 0.09185791015625 0.963842568277311 0.120849609375 0.06233183275751707
2 0.638671875 0.5745126419708508 0.073974609375 0.24932733103006827
2 0.7841796875 0.15524856182707458 0.0299224853515625 0.10820917722557773
2 0.0247955322265625 0.47597163865546216 0.0240936279296875 0.0846894849248293
2 0.4716796875 0.06605036118451287 0.02276611328125 0.12754552504595587
2 0.80126953125 0.4447359998686975 0.054595947265625 0.13052034778755253
2 0.9521484375 0.10848806685760241 0.052520751953125 0.14297741801798844
2 0.466552734375 0.46072567210477944 0.0938720703125 0.23426729090073528
2 0.5322265625 0.6180194245667017 0.036224365234375 0.08534022739955358
2 0.1324462890625 0.8270007221638656 0.061767578125 0.04139186955299698
2 0.79443359375 0.33094903000262604 0.08740234375 0.1399096320657169
2 0.7314453125 0.5038606018579307 0.06671142578125 0.19615237452402837
2 0.6328125 0.19596644810267858 0.107421875 0.15524856182707458
2 0.2420654296875 0.5217095383075105 0.05023193359375 0.14706779928768382
2 0.73291015625 0.6284313041622899 0.10089111328125 0.1162040133436187
2 0.857421875 0.05047902339646796 0.03277587890625 0.0995635986328125
2 0.385986328125 0.6366120667016807 0.0843505859375 0.12801034109933035
2 0.0153045654296875 0.3491698192949055 0.0293121337890625 0.06781666218733587
2 0.74462890625 0.03381536788299304 0.046295166015625 0.05824145148782169
2 0.603515625 0.7838657924107143 0.1446533203125 0.09049968559201024
2 0.143798828125 0.49084575236344535 0.024658203125 0.09101098325072217
2 0.97412109375 0.21976503003545167 0.046905517578125 0.13079923741957722
2 0.9365234375 0.346938702238708 0.04010009765625 0.13386702337184875
2 0.87353515625 0.5302621536896008 0.038909912109375 0.12131698993073792
2 0.0185089111328125 0.06605036118451287 0.027435302734375 0.10588509695870536
2 0.370849609375 0.22273985277704833 0.0341796875 0.06400517054966517
2 0.18505859375 0.3818928694524685 0.07421875 0.08933764545857406
2 0.984283447265625 0.4841524011948529 0.03143310546875 0.24449324407497375
2 0.2352294921875 0.25490512367056195 0.092041015625 0.23891545143448004
2 0.334228515625 0.852286715467437 0.1483154296875 0.11741253508239233
2 0.84228515625 0.1842530835576418 0.070068359375 0.15180892303210347
2 0.98046875 0.6693351168592437 0.02691650390625 0.11164881602054884
2 0.01554107666015625 0.23166432100183823 0.0310821533203125 0.15180892303210347
2 0.2467041015625 0.6581795315782563 0.11798095703125 0.1329373912650998
2 0.69140625 0.8917031167935925 0.1414794921875 0.11759846150374212
2 0.9868125915527344 0.27182442801339285 0.02637481689453125 0.14093222738314076
2 0.2861328125 0.2138153845522584 0.05633544921875 0.11453067555147059
2 0.0343017578125 0.8158451368828782 0.06756591796875 0.05363977255941439
2 0.8994140625 0.11304326418067227 0.062225341796875 0.19838349158022583
2 0.671875 0.4703938460149685 0.0738525390625 0.28465335108652834
2 0.295654296875 0.3514009363511029 0.0531005859375 0.12438477588300946
2 0.1600341796875 0.5570355583639706 0.0792236328125 0.057730153829109766
2 0.2032470703125 0.6882996118369222 0.0872802734375 0.08868690298384979
2 0.328125 0.24374953838957458 0.04217529296875 0.05926404680524554
2 0.34716796875 0.21455909023765757 0.027801513671875 0.07497482940930278
2 0.82958984375 0.9169891100971639 0.138671875 0.07223241469439338
2 0.358642578125 0.12773145146730566 0.02886962890625 0.05949645483193277
2 0.402587890625 0.4399019129136029 0.0869140625 0.11722660866104254
2 0.45458984375 0.06333118727227219 0.03424072265625 0.12666237454454438
2 0.436279296875 0.29116077583377103 0.06927490234375 0.09003486953863576
2 0.40283203125 0.25416141798516284 0.07305908203125 0.06702647489659927
2 0.164306640625 0.6276875984768907 0.0755615234375 0.08645578592765231
2 0.345703125 0.4923331637342437 0.11920166015625 0.1180632775571166
2 0.7353515625 0.7199071034663865 0.120849609375 0.14214074912191438
2 0.66259765625 0.1583163477793461 0.05987548828125 0.050571986607142856
2 0.9091796875 0.977972976299895 0.09039306640625 0.03762685952066373
2 0.8427734375 0.8240258994222689 0.1663818359375 0.13526147153197216
2 0.288330078125 0.14836928423713236 0.139404296875 0.10672176585477941
2 0.34130859375 0.32072307682838763 0.06658935546875 0.14344223407136292
2 0.413330078125 0.11146288959919906 0.10174560546875 0.061634608677455356
2 0.418212890625 0.18248678255481882 0.110107421875 0.14651002002363445
2 0.239013671875 0.5971956653755253 0.06817626953125 0.036139448149865416
2 0.15185546875 0.3322505149520746 0.039794921875 0.048991612025669644
2 0.343505859375 0.07344093643316701 0.01678466796875 0.14065333775111608
2 0.457275390625 0.8812912371980042 0.063232421875 0.014281473239930738
2 0.3203125 0.6615262071625525 0.055511474609375 0.06172757188813025
2 0.61865234375 0.9422751034007353 0.01233673095703125 0.015013558523995536
2 0.312744140625 0.4473389697675945 0.036163330078125 0.04257715048910189
2 0.89404296875 0.02479793644752823 0.05706787109375 0.048061979918920694
2 0.08135986328125 0.31291416713169645 0.0552978515625 0.17969788623457195
2 0.8984375 0.391189190519958 0.060211181640625 0.1918760668329832
2 0.324462890625 0.9214513442095589 0.11279296875 0.08362040800206802
2 0.1143798828125 0.4001136587447479 0.0217742919921875 0.10365397990250788
2 0.546875 0.110626220703125 0.033843994140625 0.08222595984194458
2 0.63427734375 0.35828021394104514 0.1175537109375 0.18127826081604517
2 0.7705078125 0.1732834246980042 0.105224609375 0.1472537257090336
2 0.09075927734375 0.8909594111081933 0.165283203125 0.12708070899258142
2 0.765625 0.9705359194459033 0.04351806640625 0.04273983610778296
2 0.1820068359375 0.9412498794683889 0.3505859375 0.11750024106322217
2 0.66357421875 0.07985539796973477 0.363037109375 0.15664300998719802
2 0.7685546875 0.7786598526129201 0.08831787109375 0.06618980600052521
2 0.3125 0.7414745683429622 0.0546875 0.05373273577008929