13 0.7854122621564482 0.8183098591549296 0.19661733615221988 0.24507042253521127
13 0.879492600422833 0.9352112676056338 0.016913319238900635 0.011267605633802818
13 0.5243128964059197 0.4197183098591549 0.1522198731501057 0.19154929577464788
13 0.33192389006342493 0.5028169014084507 0.17758985200845667 0.18309859154929578
13 0.2769556025369979 0.8873239436619719 0.20718816067653276 0.22535211267605634
13 0.13424947145877378 0.8788732394366198 0.07399577167019028 0.24225352112676057
13 0.7896405919661733 0.19014084507042253 0.13742071881606766 0.2
13 0.7103594080338267 0.24507042253521127 0.13530655391120508 0.09014084507042254
13 0.6945031712473573 0.5140845070422535 0.10782241014799154 0.2
13 0.8393234672304439 0.5929577464788732 0.18181818181818182 0.11549295774647887
13 0.14904862579281183 0.3704225352112676 0.10570824524312897 0.1352112676056338
13 0.12473572938689217 0.2380281690140845 0.1331923890063425 0.12394366197183099
13 0.40063424947145876 0.3183098591549296 0.15644820295983086 0.17464788732394365
13 0.15010570824524314 0.5492957746478874 0.10993657505285412 0.23098591549295774
13 0.5126849894291755 0.5633802816901409 0.1649048625792812 0.09295774647887324
13 0.6775898520084567 0.3436619718309859 0.12684989429175475 0.10985915492957747
13 0.7748414376321353 0.4591549295774648 0.15010570824524314 0.16056338028169015
13 0.9439746300211417 0.7422535211267606 0.10993657505285412 0.2056338028169014
13 0.4164904862579281 0.7408450704225352 0.09090909090909091 0.18028169014084508
13 0.6131078224101479 0.6887323943661972 0.11627906976744186 0.16056338028169015
13 0.9460887949260042 0.2112676056338028 0.09936575052854123 0.09295774647887324
13 0.9112050739957717 0.48450704225352115 0.12050739957716702 0.11267605633802817
13 0.9408033826638478 0.4169014084507042 0.11627906976744186 0.09577464788732394
13 0.46405919661733613 0.1352112676056338 0.17124735729386892 0.16901408450704225
13 0.346723044397463 0.19577464788732393 0.14587737843551796 0.14929577464788732
13 0.0200845665961945 0.11549295774647887 0.040169133192389 0.15492957746478872
13 0.048625792811839326 0.323943661971831 0.07188160676532769 0.22535211267605634
13 0.02959830866807611 0.8929577464788733 0.05919661733615222 0.14366197183098592
13 0.38054968287526425 0.6154929577464788 0.12050739957716702 0.07042253521126761
13 0.8361522198731501 0.09577464788732394 0.13530655391120508 0.15211267605633802
12 0.4323467230443975 0.3464788732394366 0.03805496828752643 0.07042253521126761