12 0.46624472573839665 0.69901547116737 0.06540084388185655 0.12939521800281295
12 0.8111814345991561 0.70042194092827 0.14767932489451477 0.05907172995780591
12 0.8217299578059072 0.7841068917018285 0.189873417721519 0.09845288326300984
12 0.8354430379746836 0.609704641350211 0.10337552742616034 0.09282700421940929
12 0.6550632911392406 0.7721518987341772 0.05063291139240506 0.06891701828410689
12 0.5443037974683544 0.7672292545710268 0.10759493670886076 0.0829817158931083
12 0.4989451476793249 0.8410689170182841 0.16877637130801687 0.0829817158931083
12 0.6350210970464135 0.8445850914205345 0.11181434599156118 0.08157524613220815
12 0.7246835443037974 0.8354430379746836 0.06751054852320675 0.04360056258790436
12 0.3744725738396624 0.8305203938115331 0.12869198312236288 0.06047819971870605
12 0.39767932489451474 0.7447257383966245 0.07805907172995781 0.1589310829817159
12 0.4936708860759494 0.6216596343178622 0.08649789029535865 0.09423347398030943
12 0.06434599156118144 0.7123769338959213 0.07383966244725738 0.02250351617440225
12 0.33649789029535865 0.6455696202531646 0.1751054852320675 0.02390998593530239
12 0.49261603375527424 0.549929676511955 0.12025316455696203 0.06469760900140648
12 0.6940928270042194 0.7046413502109705 0.08860759493670886 0.052039381153305204
12 0.5896624472573839 0.6132208157524613 0.12447257383966245 0.052039381153305204
12 0.4440928270042194 0.5232067510548524 0.11181434599156118 0.015471167369901548
12 0.6413502109704642 0.6828410689170182 0.10337552742616034 0.01969057665260197
12 0.6719409282700421 0.6631504922644164 0.052742616033755275 0.08438818565400844
12 0.7668776371308017 0.5569620253164557 0.13924050632911392 0.06469760900140648
12 0.6751054852320675 0.5625879043600562 0.12869198312236288 0.03375527426160337
12 0.8850210970464135 0.5372714486638537 0.10337552742616034 0.02250351617440225
12 0.7848101265822784 0.5780590717299579 0.1877637130801688 0.06610407876230662
12 0.6476793248945147 0.4212376933895921 0.229957805907173 0.05625879043600562
12 0.8502109704641351 0.4282700421940928 0.08649789029535865 0.09142053445850915
12 0.45147679324894513 0.459915611814346 0.10337552742616034 0.057665260196905765
12 0.310126582278481 0.4184247538677918 0.2679324894514768 0.07313642756680731
12 0.0379746835443038 0.459915611814346 0.0759493670886076 0.09423347398030943
12 0.16772151898734178 0.6905766526019691 0.06118143459915612 0.04219409282700422
12 0.10443037974683544 0.6870604781997187 0.10337552742616034 0.04922644163150492
12 0.0580168776371308 0.5886075949367089 0.010548523206751054 0.004219409282700422
12 0.22573839662447256 0.6167369901547117 0.0949367088607595 0.03656821378340366
12 0.3639240506329114 0.5668073136427567 0.11181434599156118 0.03234880450070324
12 0.1751054852320675 0.44022503516174405 0.08649789029535865 0.10407876230661041
12 0.28375527426160335 0.30520393811533053 0.22784810126582278 0.06610407876230662
12 0.40189873417721517 0.2348804500703235 0.056962025316455694 0.09282700421940929
12 0.7436708860759493 0.38115330520393814 0.08227848101265822 0.090014064697609
12 0.5727848101265823 0.3720112517580872 0.07805907172995781 0.09563994374120956
12 0.15822784810126583 0.31223628691983124 0.0379746835443038 0.08157524613220815
12 0.19514767932489452 0.25246132208157523 0.11814345991561181 0.0450070323488045
12 0.16139240506329114 0.20956399437412096 0.05907172995780591 0.0759493670886076
12 0.0938818565400844 0.02250351617440225 0.1877637130801688 0.0450070323488045
12 0.22257383966244726 0.10056258790436005 0.1962025316455696 0.03375527426160337
12 0.40822784810126583 0.04922644163150492 0.12869198312236288 0.046413502109704644
12 0.4166666666666667 0.2369901547116737 0.0970464135021097 0.11673699015471167
12 0.5864978902953587 0.12939521800281295 0.17088607594936708 0.1111111111111111
12 0.5812236286919831 0.02109704641350211 0.10126582278481013 0.04219409282700422
12 0.8945147679324894 0.0759493670886076 0.07383966244725738 0.12658227848101267
12 0.7985232067510548 0.12728551336146274 0.1350210970464135 0.05907172995780591
12 0.7953586497890295 0.15963431786216598 0.006329113924050633 0.007032348804500703
12 0.7637130801687764 0.030239099859353025 0.06118143459915612 0.06047819971870605
12 0.6023206751054853 0.3108298171589311 0.08438818565400844 0.08157524613220815
12 0.6592827004219409 0.339662447257384 0.12025316455696203 0.02390998593530239
12 0.7795358649789029 0.2890295358649789 0.04430379746835443 0.05485232067510549
12 0.8407172995780591 0.40365682137834036 0.18565400843881857 0.06891701828410689
12 0.8934599156118144 0.1350210970464135 0.08860759493670886 0.09423347398030943
12 0.44831223628691985 0.310126582278481 0.16033755274261605 0.057665260196905765
12 0.4008438818565401 0.2714486638537271 0.12236286919831224 0.02531645569620253
12 0.3860759493670886 0.3073136427566807 0.1877637130801688 0.06188466947960619
12 0.1540084388185654 0.26019690576652604 0.10337552742616034 0.04219409282700422
12 0.1571729957805907 0.3670886075949367 0.16666666666666666 0.06188466947960619
12 0.029535864978902954 0.2039381153305204 0.05907172995780591 0.06469760900140648
12 0.46624472573839665 0.4409282700421941 0.9324894514767933 0.8818565400843882