10 0.2881 0.6296797153024911 0.16190000000000002 0.26629893238434166
10 0.41286 0.28661921708185056 0.13141999999999998 0.2411032028469751
10 0.38833999999999996 0.07160142348754449 0.10238 0.14320284697508898
10 0.4462 0.10750889679715303 0.04952 0.13195729537366546
10 0.49119999999999997 0.08558718861209964 0.09190000000000001 0.1711743772241993
10 0.5331 0.05124555160142349 0.05952 0.10252669039145906
10 0.50666 0.2502135231316726 0.1019 0.2191103202846975
10 0.50142 0.36245551601423487 0.10286 0.20466192170818504
10 0.4581 0.47893238434163704 0.17048 0.16814946619217083
10 0.42762 0.5991814946619217 0.10951999999999999 0.23583629893238434
10 0.53904 0.6334875444839857 0.20096 0.207864768683274
10 0.62048 0.7698576512455516 0.12952000000000002 0.26708185053380784
10 0.8233400000000001 0.3903914590747331 0.07238 0.2198932384341637
10 0.8837999999999999 0.39971530249110315 0.1019 0.14701067615658364
10 0.73642 0.5466903914590747 0.13572 0.19181494661921708
10 0.61286 0.5229893238434165 0.12 0.15455516014234874
10 0.7064199999999999 0.29469750889679713 0.12142 0.1606405693950178
10 0.6381 0.30444839857651246 0.15904 0.13437722419928824
10 0.62548 0.11341637010676157 0.08524 0.22512455516014235
10 0.6769 0.4247330960854092 0.14238 0.0902491103202847
10 0.70238 0.38362989323843416 0.15048 0.08434163701067615