0 0.2956659619450317 0.477774647887324 0.2607399577167019 0.3136056338028169
0 0.35363636363636364 0.7533802816901408 0.4343551797040169 0.3219718309859155
0 0.6201268498942918 0.31684507042253524 0.12126849894291755 0.24543661971830985
0 0.5341860465116279 0.5747887323943662 0.08568710359408034 0.26771830985915496
0 0.9121141649048626 0.5995211267605635 0.16052854122621565 0.07464788732394366
0 0.6362367864693446 0.1608450704225352 0.23864693446088794 0.16605633802816902
0 0.6376955602536998 0.6473239436619719 0.381353065539112 0.2912957746478873
0 0.36255813953488375 0.040816901408450706 0.05243128964059197 0.0816619718309859
0 0.41845665961945033 0.06236619718309859 0.16234672304439748 0.11791549295774648
0 0.3759830866807611 0.1847605633802817 0.24437632135306556 0.18738028169014084
0 0.8993023255813953 0.19354929577464786 0.20141649048625793 0.11498591549295775
0 0.14562367864693446 0.12549295774647887 0.09790697674418605 0.07661971830985916
0 0.17359408033826637 0.27487323943661973 0.08209302325581395 0.1712676056338028
0 0.20947145877378434 0.1064507042253521 0.21668076109936574 0.13752112676056338
0 0.0714799154334038 0.770281690140845 0.1422198731501057 0.0692112676056338
0 0.25585623678646935 0.7488169014084507 0.1594291754756871 0.13092957746478873
0 0.5244186046511629 0.09261971830985916 0.20374207188160678 0.09101408450704226
0 0.3127484143763214 0.31698591549295774 0.21972515856236788 0.14166197183098592
0 0.19520084566596194 0.0668169014084507 0.042579281183932345 0.05087323943661971
0 0.8881818181818182 0.47230985915492957 0.047949260042283295 0.252112676056338
0 0.49951374207188165 0.5809577464788732 0.1848202959830867 0.09149295774647886
0 0.18773784355179704 0.48988732394366197 0.08228329809725159 0.09766197183098592
0 0.24964059196617336 0.3327605633802817 0.07433403805496828 0.06907042253521127
0 0.22826638477801267 0.06960563380281691 0.10124735729386893 0.067943661971831
0 0.4766384778012685 0.4409859154929578 0.26522198731501057 0.3168732394366197
0 0.8430655391120507 0.4993521126760564 0.3138477801268499 0.5104788732394366