11 0.8305583333333333 0.4921875 0.337775 0.7077
11 0.38333333333333336 0.5763375 0.17666666666666667 0.636
11 0.9 0.256075 0.14333333333333334 0.280475
11 0.21194166666666667 0.6259625 0.08389166666666667 0.24026250000000002
11 0.2597666666666667 0.54895 0.040375 0.12140000000000001
11 0.10107500000000001 0.18053750000000002 0.025175 0.12140000000000001
11 0.07708333333333334 0.23217500000000002 0.03995 0.1315625
11 0.28686666666666666 0.109125 0.049591666666666666 0.1004375
11 0.4978 0.119475 0.10449166666666666 0.18411249999999998
11 0.17675833333333335 0.41198749999999995 0.06009166666666667 0.12029999999999999
11 0.1543 0.3147625 0.05260833333333333 0.0775
11 0.17065833333333333 0.1192 0.038975 0.11608750000000001
11 0.561525 0.5929 0.05234166666666667 0.18567499999999998
11 0.12035833333333334 0.2437125 0.057925000000000004 0.11498749999999999
11 0.17760833333333334 0.22925 0.09088333333333333 0.1301875
11 0.32055833333333333 0.22649999999999998 0.07135000000000001 0.130375
11 0.19458333333333333 0.349 0.03436666666666667 0.0683
11 0.23523333333333332 0.36987499999999995 0.04794166666666667 0.117925
11 0.23059166666666664 0.16260000000000002 0.05389166666666667 0.1342125
11 0.12323333333333333 0.1516125 0.02365 0.09658749999999999
11 0.2536583333333333 0.30395 0.03979166666666667 0.109775
11 0.33959999999999996 0.1077625 0.047424999999999995 0.0646875
11 0.31371666666666664 0.7712375 0.05511666666666667 0.114625
11 0.20165833333333333 0.042025 0.04083333333333333 0.0551625
11 0.24304166666666666 0.0613875 0.08135833333333332 0.0741125
11 0.030333333333333334 0.24536249999999998 0.032591666666666665 0.109775
11 0.2846666666666667 0.7313249999999999 0.040375 0.1377875
11 0.03949166666666667 0.29425 0.0343 0.12515
11 0.7793 0.0478875 0.08929166666666667 0.09484999999999999
11 0.27221666666666666 0.20947500000000002 0.08038333333333333 0.11215
11 0.26611666666666667 0.8986875000000001 0.08819166666666667 0.2017875
11 0.56055 0.9433625000000001 0.08880833333333332 0.1095875
11 0.7382833333333334 0.9601999999999999 0.08850000000000001 0.079375
11 0.06915 0.0370875 0.02685833333333333 0.074175
11 0.012191666666666667 0.1461125 0.024141666666666665 0.0693
11 0.3903833333333333 0.038 0.06670833333333333 0.0743875
11 0.052700000000000004 0.1592125 0.04586666666666667 0.04585
11 0.16003333333333333 0.502075 0.04858333333333333 0.0757625
11 0.4221166666666667 0.2402375 0.19494999999999998 0.21478750000000002
11 0.14807499999999998 0.0491625 0.0231 0.096775
11 0.14038333333333333 0.6328125 0.10394166666666667 0.40942500000000004
11 0.367675 0.0220125 0.031983333333333336 0.0424125
11 0.7275416666666666 0.6225625 0.11633333333333333 0.16315000000000002
11 0.34790000000000004 0.4639875 0.08209166666666667 0.33655