2 0.5453563714902808 0.7668250539956804 0.7991360691144709 0.4663498920086393
2 0.16077753779697623 0.310755939524838 0.318401727861771 0.3101295896328294
2 0.7255939524838013 0.49706263498920084 0.5327213822894169 0.5405183585313175
2 0.23406047516198705 0.5786177105831533 0.4681425485961123 0.5532181425485961
2 0.1772354211663067 0.08092872570194384 0.3115334773218143 0.15868250539956802
2 0.889805615550756 0.27710583153347734 0.22038876889848813 0.20593952483801295
2 0.04650107991360691 0.19213822894168464 0.09298056155507559 0.1632181425485961
2 0.7236285097192225 0.07825053995680345 0.38036717062634995 0.15172786177105832
2 0.04369330453563715 0.07183585313174945 0.06982721382289417 0.1357451403887689
2 0.05660907127429806 0.3425269978401728 0.11321814254859612 0.18835853131749458
2 0.530755939524838 0.3769546436285097 0.26220302375809934 0.24401727861771058
2 0.10034557235421167 0.7641684665226782 0.1967818574514039 0.19371490280777537
2 0.5264578833693304 0.18697624190064793 0.6209503239740821 0.3433261339092873
2 0.6983369330453564 0.09943844492440605 0.5795464362850972 0.1988768898488121