4 0.07309322033898305 0.1431451612903226 0.06779661016949153 0.2056451612903226
4 0.1408898305084746 0.1431451612903226 0.07627118644067797 0.20967741935483872
4 0.21504237288135594 0.14516129032258066 0.08898305084745763 0.22983870967741934
4 0.2902542372881356 0.11088709677419355 0.07203389830508475 0.20161290322580644
4 0.3411016949152542 0.17943548387096775 0.07415254237288135 0.25806451612903225
4 0.4152542372881356 0.17943548387096775 0.07203389830508475 0.22580645161290322
4 0.475635593220339 0.1028225806451613 0.06991525423728813 0.14112903225806453
4 0.4766949152542373 0.24798387096774194 0.0635593220338983 0.12903225806451613
4 0.538135593220339 0.16129032258064516 0.07415254237288135 0.24193548387096775
4 0.611228813559322 0.14516129032258066 0.06991525423728813 0.20967741935483872
4 0.6747881355932204 0.11491935483870967 0.06779661016949153 0.21774193548387097
4 0.7341101694915254 0.10483870967741936 0.0635593220338983 0.1975806451612903
4 0.8050847457627118 0.10080645161290322 0.07415254237288135 0.20161290322580644
4 0.8728813559322034 0.09879032258064516 0.07627118644067797 0.18951612903225806
4 0.9353813559322034 0.11693548387096774 0.07415254237288135 0.2056451612903226
4 0.0635593220338983 0.3326612903225806 0.07203389830508475 0.20161290322580644
4 0.13347457627118645 0.34475806451612906 0.07838983050847458 0.2217741935483871
4 0.19279661016949154 0.37701612903225806 0.0614406779661017 0.2217741935483871
4 0.2722457627118644 0.34475806451612906 0.09745762711864407 0.3064516129032258
4 0.3326271186440678 0.42943548387096775 0.09110169491525423 0.25
4 0.4067796610169492 0.4032258064516129 0.07838983050847458 0.23790322580645162
4 0.4724576271186441 0.4495967741935484 0.08050847457627118 0.25
4 0.5413135593220338 0.37298387096774194 0.07627118644067797 0.2217741935483871
4 0.6048728813559322 0.3407258064516129 0.07627118644067797 0.23790322580645162
4 0.6673728813559322 0.33064516129032256 0.07415254237288135 0.2217741935483871
4 0.7404661016949152 0.30443548387096775 0.07838983050847458 0.21370967741935484
4 0.801906779661017 0.28024193548387094 0.07415254237288135 0.18548387096774194
4 0.864406779661017 0.26411290322580644 0.06779661016949153 0.14919354838709678
4 0.923728813559322 0.30443548387096775 0.0847457627118644 0.2217741935483871
4 0.9247881355932204 0.4959677419354839 0.06779661016949153 0.1774193548387097
4 0.864406779661017 0.43951612903225806 0.0614406779661017 0.2217741935483871
4 0.7997881355932204 0.46975806451612906 0.07627118644067797 0.2056451612903226
4 0.7319915254237288 0.4899193548387097 0.08050847457627118 0.18548387096774194
4 0.652542372881356 0.5443548387096774 0.07203389830508475 0.23790322580645162
4 0.6048728813559322 0.5705645161290323 0.06779661016949153 0.22983870967741934
4 0.5423728813559322 0.5967741935483871 0.07415254237288135 0.2056451612903226
4 0.4703389830508475 0.6653225806451613 0.07415254237288135 0.1975806451612903
4 0.4014830508474576 0.6532258064516129 0.07627118644067797 0.20161290322580644
4 0.3358050847457627 0.6451612903225806 0.0847457627118644 0.2056451612903226
4 0.263771186440678 0.5967741935483871 0.07838983050847458 0.2217741935483871
4 0.19385593220338984 0.5645161290322581 0.06779661016949153 0.20967741935483872
4 0.13665254237288135 0.5362903225806451 0.06779661016949153 0.1814516129032258
4 0.06885593220338983 0.5080645161290323 0.0614406779661017 0.1935483870967742
4 0.0646186440677966 0.6955645161290323 0.059322033898305086 0.1935483870967742
4 0.0625 0.8911290322580645 0.07203389830508475 0.1774193548387097
4 0.13453389830508475 0.9233870967741935 0.07627118644067797 0.13709677419354838
4 0.1260593220338983 0.7479838709677419 0.0826271186440678 0.2540322580645161
4 0.1896186440677966 0.7419354838709677 0.0635593220338983 0.1693548387096774
4 0.19703389830508475 0.9092741935483871 0.07203389830508475 0.17338709677419356
4 0.2531779661016949 0.9233870967741935 0.07838983050847458 0.1532258064516129
4 0.2468220338983051 0.7762096774193549 0.0847457627118644 0.1532258064516129
4 0.3199152542372881 0.8528225806451613 0.09110169491525423 0.2217741935483871
4 0.3898305084745763 0.8508064516129032 0.0847457627118644 0.1935483870967742
4 0.4639830508474576 0.842741935483871 0.06991525423728813 0.20967741935483872
4 0.5254237288135594 0.8185483870967742 0.08898305084745763 0.20161290322580644
4 0.5995762711864406 0.8245967741935484 0.07838983050847458 0.24596774193548387
4 0.663135593220339 0.7056451612903226 0.057203389830508475 0.20161290322580644
4 0.725635593220339 0.6814516129032258 0.09110169491525423 0.1975806451612903
4 0.7860169491525424 0.6592741935483871 0.06991525423728813 0.20161290322580644
4 0.8527542372881356 0.6431451612903226 0.07838983050847458 0.20967741935483872
4 0.9311440677966102 0.6915322580645161 0.09110169491525423 0.23790322580645162
4 0.9322033898305084 0.8850806451612904 0.0635593220338983 0.20967741935483872
4 0.8686440677966102 0.8568548387096774 0.059322033898305086 0.21774193548387097
4 0.7997881355932204 0.8608870967741935 0.06779661016949153 0.20967741935483872
4 0.7372881355932204 0.8729838709677419 0.07838983050847458 0.18951612903225806
4 0.6588983050847458 0.8911290322580645 0.06567796610169492 0.16532258064516128