0 0.39388890584309894 0.6805209217698934 0.3644444783528646 0.30437518323094886
0 0.0897222391764323 0.8563132834049909 0.11944447835286458 0.2159599065011439
0 0.31666666666666665 0.371000394191886 0.27 0.5203341280749342
0 0.13833333333333334 0.6609132485796103 0.2733333333333333 0.5001598368503828
0 0.6425 0.44017537677919577 0.23166666666666666 0.3286840932495536
0 0.1693115234375 0.28289794921875 0.323974609375 0.48779296875
0 0.59228515625 0.755859375 0.275634765625 0.454833984375
0 0.5830078125 0.136871337890625 0.1761474609375 0.268798828125
0 0.350830078125 0.9235916137695312 0.262451171875 0.1528167724609375
0 0.84521484375 0.95068359375 0.10821533203125 0.097137451171875
0 0.0765380859375 0.626220703125 0.1510009765625 0.2515869140625
0 0.8349609375 0.314208984375 0.244384765625 0.615966796875
0 0.9491424560546875 0.18768310546875 0.101715087890625 0.333984375
0 0.043701171875 0.26275634765625 0.08538818359375 0.257080078125
0 0.09332275390625 0.0522308349609375 0.158447265625 0.100433349609375
0 0.362548828125 0.070220947265625 0.155029296875 0.137786865234375
0 0.87939453125 0.037261962890625 0.1553955078125 0.0715484619140625
0 0.888671875 0.23382568359375 0.04638671875 0.1234130859375
0 0.482421875 0.3050537109375 0.0784912109375 0.16259765625
0 0.6591796875 0.2991943359375 0.123779296875 0.22283935546875
0 0.7998046875 0.6859130859375 0.1326904296875 0.136138916015625
0 0.279541015625 0.12249755859375 0.10125732421875 0.22210693359375
0 0.865234375 0.849609375 0.10931396484375 0.133209228515625