8 0.10970464135021098 0.07911392405063292 0.20042194092827004 0.06645569620253164
8 0.23734177215189872 0.07041139240506329 0.21308016877637131 0.05221518987341772
8 0.15822784810126583 0.12183544303797468 0.25316455696202533 0.12183544303797468
8 0.39451476793248946 0.26186708860759494 0.09915611814345991 0.22943037974683544
8 0.35443037974683544 0.05775316455696203 0.20675105485232068 0.08860759493670886
8 0.3512658227848101 0.1360759493670886 0.16455696202531644 0.06487341772151899
8 0.4219409282700422 0.15822784810126583 0.1940928270042194 0.08702531645569621
8 0.22151898734177214 0.2800632911392405 0.2109704641350211 0.060126582278481014
8 0.08122362869198312 0.31091772151898733 0.10548523206751055 0.17088607594936708
8 0.1909282700421941 0.4786392405063291 0.20042194092827004 0.08860759493670886
8 0.12341772151898735 0.4248417721518987 0.2088607594936709 0.08069620253164557
8 0.3227848101265823 0.33306962025316456 0.11814345991561181 0.19145569620253164
8 0.12658227848101267 0.3947784810126582 0.12025316455696203 0.15031645569620253
8 0.4820675105485232 0.34335443037974683 0.10759493670886076 0.15664556962025317
8 0.5780590717299579 0.37420886075949367 0.1160337552742616 0.15664556962025317
8 0.39345991561181437 0.4564873417721519 0.14978902953586498 0.16455696202531644
8 0.6603375527426161 0.5039556962025317 0.2869198312236287 0.08386075949367089
8 0.5664556962025317 0.7294303797468354 0.0970464135021097 0.15664556962025317
8 0.0017023424828417572 0.0015237667672559083 0.0008735326968614731 0.00011169024571854067
8 0.9229957805907173 0.6606012658227848 0.10548523206751055 0.13291139240506328
8 0.9071729957805907 0.47943037974683544 0.1308016877637131 0.1819620253164557
8 0.0018502682453342305 0.0010639220621771015 0.0005736190397396645 0.00018304790270538723
8 0.2626582278481013 0.6186708860759493 0.1540084388185654 0.19462025316455697
8 0.12974683544303797 0.9026898734177216 0.20675105485232068 0.1360759493670886
8 0.1350210970464135 0.7879746835443038 0.189873417721519 0.14082278481012658
8 0.14873417721518986 0.7033227848101266 0.21940928270042195 0.15822784810126583
8 0.12763713080168776 0.6139240506329114 0.1729957805907173 0.10126582278481013
8 0.12236286919831224 0.5205696202531646 0.18354430379746836 0.12341772151898735
8 0.2858649789029536 0.8987341772151899 0.3059071729957806 0.14240506329113925
8 0.46835443037974683 0.7856012658227848 0.12447257383966245 0.18670886075949367
8 0.3618143459915612 0.6819620253164557 0.18354430379746836 0.20411392405063292
8 0.37341772151898733 0.6977848101265823 0.22573839662447256 0.11392405063291139
8 0.40189873417721517 0.7697784810126582 0.26582278481012656 0.12025316455696203
8 0.6487341772151899 0.7966772151898734 0.21518987341772153 0.12341772151898735
8 0.8407172995780591 0.3528481012658228 0.2742616033755274 0.13765822784810128
8 0.7278481012658228 0.38449367088607594 0.23839662447257384 0.125
8 0.7774261603375527 0.5300632911392406 0.18565400843881857 0.09651898734177215
8 0.8533755274261603 0.6162974683544303 0.24261603375527427 0.1360759493670886
8 0.5147679324894515 0.07832278481012658 0.21940928270042195 0.11392405063291139
8 0.6508438818565401 0.22626582278481014 0.1160337552742616 0.15822784810126583
8 0.0018193532771792508 0.00018264287837074786 0.0006563525550867317 0.0002450980392156867
8 0.5748945147679325 0.2697784810126582 0.24472573839662448 0.12025316455696203
8 0.540084388185654 0.17563291139240506 0.20675105485232068 0.15031645569620253
8 0.880801687763713 0.28322784810126583 0.2088607594936709 0.09177215189873418
8 0.7658227848101266 0.27056962025316456 0.1518987341772152 0.09335443037974683
8 0.919831223628692 0.09572784810126582 0.12447257383966245 0.16930379746835442
8 0.580168776371308 0.9129746835443038 0.2974683544303797 0.12025316455696203