8 0.14978902953586498 0.13650306748466257 0.29957805907172996 0.2254601226993865
8 0.6919831223628692 0.07975460122699386 0.20675105485232068 0.15030674846625766
8 0.8871308016877637 0.4125766871165644 0.20042194092827004 0.13957055214723926
8 0.31962025316455694 0.7822085889570553 0.33122362869198313 0.4233128834355828
8 0.14556962025316456 0.5835889570552147 0.22573839662447256 0.147239263803681
8 0.7637130801687764 0.8274539877300614 0.1518987341772152 0.11809815950920245
8 0.7890295358649789 0.7223926380368099 0.21940928270042195 0.1196319018404908
8 0.7668776371308017 0.5628834355828221 0.46624472573839665 0.20398773006134968
8 0.930379746835443 0.21012269938650308 0.13924050632911392 0.11809815950920245
8 0.5379746835443038 0.9164110429447853 0.1962025316455696 0.14263803680981596
8 0.4229957805907173 0.46932515337423314 0.270042194092827 0.20552147239263804
8 0.46835443037974683 0.15107361963190183 0.23417721518987342 0.2745398773006135
8 0.14556962025316456 0.3941717791411043 0.25316455696202533 0.24386503067484663
8 0.6445147679324894 0.8136503067484663 0.25949367088607594 0.2822085889570552