0 0.17545703125 0.5367193907439953 0.15559765625 0.18103690685413004
0 0.057585937499999997 0.5700820152314001 0.11376953125 0.12943175161101347
0 0.2282734375 0.4364381956649092 0.06982421875 0.07977152899824252
0 0.15551953125 0.6414762741652021 0.094484375 0.10974809607498535
0 0.11474609375 0.791593438781488 0.20337109375 0.21876977152899824
0 0.7314453125 0.3419742237844171 0.07147265625 0.09656707674282367
0 0.4443359375 0.7718219097832455 0.1480703125 0.14380199179847686
0 0.7646484375 0.7234915055653193 0.10504296875000001 0.15780902167545402
0 0.323 0.6678383128295254 0.0907578125 0.1953368482718219
0 0.86669921875 0.7828060925600469 0.09979296875 0.17995899238429994
0 0.9572773437500001 0.7443643819566491 0.08544921875 0.2024780316344464
0 0.04144140625 0.735577035735208 0.08288671875 0.2279203280609256
0 0.3818359375 0.3729115407147041 0.0557265625 0.06146455770357352
0 0.3298359375 0.3921382542472173 0.027695312500000003 0.0439601640304628
0 0.42993359375000006 0.6381839484475689 0.0836171875 0.11606912712360867
0 0.46142578125 0.368705330990041 0.04553125 0.06677211482132396
0 0.51220703125 0.41996485061511424 0.040773437499999995 0.07437024018746338
0 0.0224609375 0.5155243116578794 0.0445234375 0.05492091388400703
0 0.0661015625 0.49758640890451084 0.08196875 0.048787346221441125
0 0.24328515624999997 0.7278851786760399 0.0778203125 0.10114821323960164
0 0.3408203125 0.3635793790275337 0.028761718749999998 0.048787346221441125