9 0.8006329113924051 0.2634920634920635 0.10548523206751055 0.4666666666666667
9 0.0014954932823164292 0.0031295344372228653 0.0006831421078778159 0.0001597240413376974
9 0.5949367088607594 0.9920634920634921 0.18143459915611815 0.015873015873015872
9 0.5221518987341772 0.9761904761904762 0.26371308016877637 0.047619047619047616
9 0.18037974683544303 0.9841269841269841 0.2616033755274262 0.031746031746031744
9 0.14662447257383968 0.692063492063492 0.24472573839662448 0.044444444444444446
9 0.0021097462296145674 0.002283535992179333 0.0006759093047294729 0.0001012151877129273
9 0.6265822784810127 0.12698412698412698 0.22151898734177214 0.08253968253968254
9 0.5485232067510548 0.5206349206349207 0.052742616033755275 0.19365079365079366
9 0.9282700421940928 0.7619047619047619 0.0759493670886076 0.47619047619047616
9 0.18881856540084388 0.14126984126984127 0.035864978902953586 0.28253968253968254
9 0.36075949367088606 0.4111111111111111 0.02109704641350211 0.23492063492063492
9 0.3449367088607595 0.5523809523809524 0.05485232067510549 0.0761904761904762
9 0.5010548523206751 0.5015873015873016 0.9978902953586498 0.9968253968253968