5 0.0009248439232283864 0.003274085657078609 0.0002984486815250575 0.0007499883273514519
5 0.3512658227848101 0.7024647887323944 0.09282700421940929 0.20422535211267606
5 0.7046413502109705 0.6778169014084507 0.07172995780590717 0.2640845070422535
5 0.7025316455696202 0.6161971830985915 0.10759493670886076 0.16901408450704225
5 0.8111814345991561 0.6637323943661971 0.1160337552742616 0.1936619718309859
5 0.819620253164557 0.5633802816901409 0.16033755274261605 0.14788732394366197
5 0.6603375527426161 0.4137323943661972 0.13924050632911392 0.15492957746478872
5 0.5263713080168776 0.4753521126760563 0.1729957805907173 0.13732394366197184
5 0.2848101265822785 0.2834507042253521 0.07383966244725738 0.13380281690140844
5 0.3322784810126582 0.46830985915492956 0.08438818565400844 0.2112676056338028
5 0.14029535864978904 0.32922535211267606 0.03164556962025317 0.2147887323943662
3 0.6033755274261603 0.2623239436619718 0.11181434599156118 0.15845070422535212
9 0.9240506329113924 0.3573943661971831 0.1518987341772152 0.2605633802816901
9 0.4704641350210971 0.3380281690140845 0.11814345991561181 0.15845070422535212