4 0.0009322981082255043 0.002254218029692303 0.0006074012003329497 0.0016307053825115611
4 0.2219873150105708 0.45604395604395603 0.17970401691331925 0.29120879120879123
4 0.3784355179704017 0.7664835164835165 0.4820295983086681 0.45054945054945056
4 0.8890063424947146 0.6826923076923077 0.2219873150105708 0.5796703296703297
4 0.6997885835095138 0.8846153846153846 0.4397463002114165 0.23076923076923078
4 0.23361522198731502 0.5192307692307693 0.25158562367864695 0.2692307692307692
4 0.10782241014799154 0.6085164835164835 0.2156448202959831 0.4340659340659341
4 0.1226215644820296 0.8543956043956044 0.2452431289640592 0.29120879120879123
4 0.09302325581395349 0.3392857142857143 0.18604651162790697 0.19505494505494506
4 0.13847780126849896 0.20054945054945056 0.13953488372093023 0.26373626373626374
4 0.05708245243128964 0.20467032967032966 0.11416490486257928 0.20054945054945056
4 0.0613107822410148 0.07692307692307693 0.09725158562367865 0.12362637362637363
4 0.4312896405919662 0.2760989010989011 0.23255813953488372 0.27472527472527475
4 0.5718816067653277 0.4409340659340659 0.16701902748414377 0.5604395604395604
4 0.7928118393234672 0.3241758241758242 0.2642706131078224 0.4532967032967033
4 0.8752642706131079 0.21016483516483517 0.24947145877378435 0.3956043956043956
4 0.4513742071881607 0.14835164835164835 0.13953488372093023 0.1813186813186813
4 0.29809725158562367 0.17445054945054944 0.2156448202959831 0.1620879120879121
4 0.2864693446088795 0.08653846153846154 0.09302325581395349 0.1620879120879121
4 0.645877378435518 0.08516483516483517 0.28118393234672306 0.17032967032967034
4 0.18604651162790697 0.05357142857142857 0.16701902748414377 0.10714285714285714
4 0.42389006342494717 0.05357142857142857 0.20718816067653276 0.10714285714285714