10 0.635606210443038 0.1165771484375 0.3385251845991561 0.11614990234375
10 0.8611248032453191 0.4594251163570368 0.12337110817180907 0.13259534990157365
10 0.5345134493670886 0.72216796875 0.28429918248945146 0.08880615234375
10 0.6569092827004219 0.75927734375 0.296500032964135 0.105224609375
10 0.1447640592035865 0.442138671875 0.20741445806962025 0.093505859375
10 0.1920181467563291 0.57470703125 0.2145800369198312 0.140380859375
10 0.1666481243407173 0.74462890625 0.3034719475210971 0.093505859375
10 0.5670490506329114 0.634765625 0.26144679588607594 0.0894775390625
10 0.26919336761603374 0.939453125 0.13546817312763712 0.103759765625
10 0.50120319092827 0.406005859375 0.06386080069883966 0.1409912109375
10 0.3269053270042194 0.8916015625 0.21051308676160338 0.097412109375
10 0.6650431830168776 0.42822265625 0.06918656876318566 0.040771484375
10 0.6720150975738397 0.2490234375 0.27267932489451474 0.07476806640625
10 0.4760268328059072 0.52587890625 0.22445691587552744 0.10858154296875
10 0.5147596914556962 0.234375 0.1563839167985232 0.07330322265625
10 0.663150578108518 0.5945352156195908 0.1617441941917194 0.10751015431488586
10 0.4508504746835443 0.65234375 0.07155895635548523 0.060638427734375
10 0.4310967167721519 0.464599609375 0.08758467662183544 0.04217529296875
10 0.7022267273206751 0.2203369140625 0.10196425039556962 0.047943115234375
10 0.13643649459388185 0.7041015625 0.09358826971255274 0.046722412109375
10 0.11774789029535865 0.57958984375 0.07649739583333333 0.044921875
10 0.41444158755274263 0.70849609375 0.11610174380274262 0.044342041015625
10 0.38713492220464135 0.54931640625 0.053693425303270044 0.045867919921875
10 0.08889191060126582 0.75927734375 0.15531876318565402 0.06573486328125
10 0.5751829509493671 0.77978515625 0.15096131658755274 0.06304931640625
10 0.3960434796940928 0.5927734375 0.03333446647547468 0.042877197265625
10 0.08177474782436708 0.6689453125 0.09039280887394514 0.033966064453125