10 0.5622222391764323 0.387709627532425 0.12111114501953125 0.21375259475601205
10 0.716796875 0.4984130859375 0.056854248046875 0.15289306640625
10 0.7255859375 0.6646728515625 0.097900390625 0.14483642578125
10 0.4580078125 0.28912353515625 0.05499267578125 0.16168212890625
10 0.3212890625 0.32904052734375 0.08331298828125 0.133209228515625
10 0.465576171875 0.38671875 0.12066650390625 0.1292724609375
10 0.7275390625 0.34112548828125 0.05108642578125 0.14996337890625
10 0.41357421875 0.4398193359375 0.0794677734375 0.127166748046875
10 0.51025390625 0.55078125 0.14013671875 0.17852783203125
10 0.64306640625 0.70458984375 0.10992431640625 0.16314697265625
10 0.372802734375 0.5478515625 0.105224609375 0.191162109375
10 0.72705078125 0.243896484375 0.10247802734375 0.1201171875
10 0.2919921875 0.5313720703125 0.125244140625 0.1131591796875
10 0.5517578125 0.153717041015625 0.054290771484375 0.118377685546875
10 0.63232421875 0.122314453125 0.044342041015625 0.12451171875
10 0.7900390625 0.733154296875 0.0699462890625 0.243896484375
10 0.439453125 0.718505859375 0.1083984375 0.2017822265625
10 0.406494140625 0.2109375 0.059967041015625 0.14300537109375
10 0.32421875 0.4332275390625 0.11358642578125 0.124237060546875
10 0.79052734375 0.57568359375 0.125732421875 0.086700439453125
10 0.619140625 0.640869140625 0.0416259765625 0.183746337890625
10 0.35009765625 0.145294189453125 0.09124755859375 0.110321044921875
10 0.478759765625 0.457763671875 0.1015625 0.118377685546875
10 0.311279296875 0.23016357421875 0.10894775390625 0.093841552734375
10 0.87451171875 0.388916015625 0.09039306640625 0.104095458984375
10 0.33740234375 0.6533203125 0.12274169921875 0.082489013671875
10 0.845703125 0.6796875 0.050048828125 0.136322021484375
10 0.9638671875 0.362548828125 0.054595947265625 0.16168212890625
10 0.81640625 0.2574462890625 0.091552734375 0.0852813720703125
10 0.2371826171875 0.21844482421875 0.0504150390625 0.11151123046875
10 0.266357421875 0.661376953125 0.09771728515625 0.110137939453125
10 0.2447509765625 0.815185546875 0.09857177734375 0.20013427734375
10 0.173095703125 0.6551513671875 0.1265869140625 0.128997802734375
10 0.72705078125 0.826904296875 0.0775146484375 0.146575927734375
10 0.2225341796875 0.301025390625 0.07080078125 0.093841552734375
10 0.71923828125 0.758056640625 0.0816650390625 0.127899169921875
10 0.82763671875 0.8349609375 0.0535888671875 0.193359375
10 0.425048828125 0.137786865234375 0.06500244140625 0.08038330078125
10 0.859375 0.182830810546875 0.090576171875 0.068939208984375
10 0.64501953125 0.804931640625 0.0855712890625 0.100067138671875
10 0.6259765625 0.926513671875 0.10052490234375 0.146575927734375
10 0.2064208984375 0.424072265625 0.04913330078125 0.0870208740234375
10 0.0994873046875 0.5606689453125 0.071044921875 0.14556884765625
10 0.55126953125 0.87890625 0.137939453125 0.155364990234375
10 0.161376953125 0.2314453125 0.051177978515625 0.116912841796875
10 0.3486328125 0.814453125 0.058441162109375 0.142730712890625
10 0.91015625 0.24755859375 0.1014404296875 0.06903076171875
10 0.49560546875 0.112152099609375 0.03656005859375 0.10491943359375
10 0.94384765625 0.662841796875 0.10089111328125 0.10931396484375
10 0.089111328125 0.26751708984375 0.06781005859375 0.1336669921875
10 0.044769287109375 0.6624755859375 0.056976318359375 0.154815673828125
10 0.83447265625 0.5350341796875 0.05633544921875 0.1534423828125
10 0.8408203125 0.362548828125 0.042236328125 0.0797882080078125
10 0.1737060546875 0.919921875 0.06524658203125 0.154266357421875
10 0.4658203125 0.930572509765625 0.04681396484375 0.13885498046875
10 0.0938720703125 0.6441650390625 0.0723876953125 0.13092041015625
10 0.7333984375 0.151336669921875 0.0836181640625 0.0727386474609375
10 0.5478515625 0.235107421875 0.11083984375 0.067657470703125
10 0.67333984375 0.056854248046875 0.0709228515625 0.10601806640625
10 0.62646484375 0.257080078125 0.05560302734375 0.147674560546875
10 0.60693359375 0.093475341796875 0.042236328125 0.047698974609375
10 0.447509765625 0.567626953125 0.04681396484375 0.16973876953125
10 0.36572265625 0.2918701171875 0.06683349609375 0.12030029296875
10 0.50634765625 0.938232421875 0.040313720703125 0.121856689453125
10 0.76220703125 0.528076171875 0.048309326171875 0.0681610107421875
10 0.63671875 0.35577392578125 0.129150390625 0.0948486328125
10 0.88330078125 0.31768798828125 0.119384765625 0.0837249755859375
10 0.72900390625 0.930908203125 0.06536865234375 0.069305419921875
10 0.759765625 0.4669189453125 0.051666259765625 0.068939208984375
10 0.5849609375 0.163970947265625 0.0310821533203125 0.066650390625
10 0.92529296875 0.5855712890625 0.1409912109375 0.111968994140625
10 0.2430419921875 0.948486328125 0.09515380859375 0.099517822265625
10 0.9033203125 0.51123046875 0.04620361328125 0.064453125
10 0.487060546875 0.19720458984375 0.03704833984375 0.0727386474609375
10 0.1248779296875 0.913330078125 0.047332763671875 0.172760009765625
10 0.79931640625 0.4844970703125 0.0537109375 0.1373291015625
10 0.2012939453125 0.542724609375 0.1361083984375 0.145294189453125
10 0.145751953125 0.322998046875 0.09320068359375 0.0780487060546875
10 0.689453125 0.60498046875 0.1019287109375 0.075897216796875
10 0.51708984375 0.18548583984375 0.048309326171875 0.160858154296875
10 0.658203125 0.223388671875 0.06768798828125 0.05914306640625
10 0.362548828125 0.7122802734375 0.1300048828125 0.0790557861328125
10 0.76953125 0.31365966796875 0.09222412109375 0.0899505615234375
10 0.6591796875 0.4134521484375 0.1357421875 0.0741119384765625
10 0.09722900390625 0.4617919921875 0.1014404296875 0.0599212646484375
10 0.1571044921875 0.38525390625 0.10894775390625 0.054107666015625
10 0.90576171875 0.7210693359375 0.092041015625 0.132293701171875
10 0.87890625 0.8935546875 0.06292724609375 0.0675201416015625
10 0.29833984375 0.840087890625 0.058441162109375 0.2545166015625
10 0.2379150390625 0.35009765625 0.11199951171875 0.0792388916015625
10 0.455078125 0.19207763671875 0.06890869140625 0.0545196533203125
10 0.95855712890625 0.49658203125 0.0828857421875 0.158935546875
10 0.52783203125 0.6939697265625 0.073974609375 0.102447509765625
10 0.79296875 0.150238037109375 0.159423828125 0.0516357421875
10 0.278564453125 0.26861572265625 0.04168701171875 0.0428924560546875
10 0.8642578125 0.769775390625 0.06927490234375 0.0635833740234375
10 0.94189453125 0.3544921875 0.054595947265625 0.0809783935546875
10 0.7587890625 0.422607421875 0.06439208984375 0.0589141845703125
10 0.76171875 0.2091064453125 0.10760498046875 0.081298828125
10 0.324951171875 0.1951904296875 0.047149658203125 0.04154205322265625
10 0.396728515625 0.939697265625 0.092529296875 0.11737060546875
10 0.56884765625 0.76904296875 0.10540771484375 0.100250244140625
10 0.8408203125 0.22412109375 0.05224609375 0.044219970703125
10 0.78759765625 0.195556640625 0.05291748046875 0.042572021484375
10 0.361572265625 0.897216796875 0.0755615234375 0.0872039794921875
10 0.37744140625 0.766845703125 0.034088134765625 0.0688018798828125
10 0.68212890625 0.860595703125 0.039794921875 0.08221435546875
10 0.1885986328125 0.804931640625 0.044677734375 0.127166748046875
10 0.76904296875 0.3724365234375 0.07275390625 0.08514404296875
10 0.97412109375 0.24169921875 0.046295166015625 0.0714111328125
10 0.445556640625 0.87744140625 0.060302734375 0.06207275390625
10 0.8017578125 0.6448974609375 0.042388916015625 0.0774993896484375
10 0.01507568359375 0.67529296875 0.029876708984375 0.1083984375
10 0.418701171875 0.31842041015625 0.05499267578125 0.12542724609375
10 0.53857421875 0.92138671875 0.038177490234375 0.05767822265625
10 0.97412109375 0.29241943359375 0.0416259765625 0.047698974609375
10 0.272216796875 0.7474365234375 0.0496826171875 0.068389892578125
10 0.87548828125 0.943359375 0.0546875 0.0627593994140625
10 0.3017578125 0.500244140625 0.0299835205078125 0.037994384765625
10 0.33642578125 0.168914794921875 0.050140380859375 0.0571746826171875