12 0.7732067510548524 0.3799435028248588 0.1371308016877637 0.14689265536723164
12 0.6508438818565401 0.1977401129943503 0.10759493670886076 0.09322033898305085
12 0.5611814345991561 0.4477401129943503 0.0970464135021097 0.07909604519774012
12 0.5432489451476793 0.365819209039548 0.07172995780590717 0.096045197740113
12 0.679324894514768 0.4985875706214689 0.08016877637130802 0.0480225988700565
12 0.509493670886076 0.577683615819209 0.0949367088607595 0.1271186440677966
12 0.5864978902953587 0.6257062146892656 0.09282700421940929 0.0847457627118644
12 0.7194092827004219 0.6652542372881356 0.06962025316455696 0.08757062146892655
12 0.5970464135021097 0.769774011299435 0.04219409282700422 0.07627118644067797
12 0.4409282700421941 0.6200564971751412 0.05907172995780591 0.10734463276836158
12 0.3459915611814346 0.3234463276836158 0.07172995780590717 0.07627118644067797
12 0.24261603375527427 0.5423728813559322 0.09071729957805907 0.12994350282485875
12 0.1877637130801688 0.4251412429378531 0.08860759493670886 0.06497175141242938
12 0.3333333333333333 0.2175141242937853 0.07383966244725738 0.06497175141242938
12 0.29535864978902954 0.3757062146892655 0.10970464135021098 0.17231638418079095
12 0.5748945147679325 0.3474576271186441 0.689873417721519 0.6440677966101694