6 0.15481927710843374 0.6402877697841727 0.2385542168674699 0.23381294964028776
6 0.3289156626506024 0.6519784172661871 0.12771084337349398 0.21402877697841727
6 0.44879518072289154 0.6717625899280576 0.1566265060240964 0.210431654676259
6 0.5566265060240964 0.6178057553956835 0.14457831325301204 0.29856115107913667
6 0.8789156626506024 0.6591726618705036 0.18072289156626506 0.24640287769784172
6 0.7 0.6205035971223022 0.2 0.2841726618705036
6 0.15542168674698795 0.8794964028776978 0.15060240963855423 0.24100719424460432
6 0.2753012048192771 0.8974820143884892 0.14096385542168674 0.20503597122302158
6 0.8831325301204819 0.11870503597122302 0.1855421686746988 0.23741007194244604
6 0.377710843373494 0.8803956834532374 0.13493975903614458 0.2392086330935252
6 0.463855421686747 0.8947841726618705 0.13614457831325302 0.210431654676259
6 0.6 0.8803956834532374 0.25180722891566265 0.2392086330935252
6 0.8650602409638555 0.8821942446043165 0.19879518072289157 0.2356115107913669
6 0.7843373493975904 0.9001798561151079 0.15180722891566265 0.19964028776978418
6 0.21927710843373494 0.3066546762589928 0.15180722891566265 0.26798561151079137
6 0.3463855421686747 0.33723021582733814 0.13253012048192772 0.22661870503597123
6 0.4963855421686747 0.33363309352517984 0.1783132530120482 0.26258992805755393
6 0.636144578313253 0.4001798561151079 0.19036144578313252 0.1528776978417266
6 0.7560240963855421 0.38039568345323743 0.18313253012048192 0.1960431654676259
6 0.8873493975903615 0.37050359712230213 0.16987951807228915 0.21223021582733814
6 0.12349397590361445 0.08453237410071943 0.21566265060240963 0.16906474820143885
6 0.30903614457831324 0.09892086330935251 0.15421686746987953 0.19784172661870503
6 0.46566265060240963 0.12050359712230216 0.163855421686747 0.23741007194244604
6 0.6240963855421687 0.12140287769784172 0.1686746987951807 0.2356115107913669
6 0.7524096385542168 0.12589928057553956 0.1578313253012048 0.20863309352517986