10 0.35254285714285716 0.29329032258064514 0.04047142857142857 0.23963440860215054
10 0.6733428571428571 0.7644516129032258 0.15430000000000002 0.1336774193548387
10 0.5859428571428572 0.39729032258064517 0.09448571428571428 0.23191397849462367
10 0.4209 0.7556344086021506 0.14514285714285713 0.1984731182795699
10 0.5288142857142858 0.5810537634408602 0.0477 0.21886021505376343
10 0.17957142857142858 0.8195698924731183 0.1225 0.24165591397849465
10 0.39990000000000003 0.35098924731182796 0.0506 0.20397849462365591
10 0.4760714285714286 0.4039139784946236 0.1225 0.10483870967741936
10 0.9677714285714286 0.7056559139784946 0.06222857142857143 0.30853763440860216
10 0.8715857142857143 0.5277634408602151 0.11517142857142858 0.16888172043010752
10 0.49902857142857143 0.9232688172043011 0.1283 0.15346236559139784
10 0.16442857142857142 0.1867956989247312 0.11181428571428571 0.09380645161290323
10 0.36181428571428575 0.1313978494623656 0.1298857142857143 0.10621505376344086
10 0.8139714285714286 0.3976559139784946 0.12572857142857144 0.1592258064516129
10 0.5576142857142857 0.5986881720430107 0.1475857142857143 0.13249462365591397
10 0.2973571428571429 0.33939784946236556 0.061528571428571426 0.3024731182795699
10 0.10687142857142858 0.10096774193548387 0.1066857142857143 0.14793548387096775
10 0.6840857142857143 0.2286021505376344 0.11145714285714285 0.06587096774193549
10 0.7143571428571429 0.3836989247311828 0.0741 0.19148387096774194
10 0.3757285714285714 0.5538494623655914 0.044185714285714286 0.1863440860215054
10 0.8554714285714287 0.7762150537634409 0.13342857142857142 0.15481720430107526
10 0.8110285714285714 0.3195698924731183 0.09107142857142857 0.07533333333333334
10 0.07824285714285714 0.6689032258064517 0.11597142857142859 0.13350537634408602
10 0.8554714285714287 0.18191397849462365 0.17834285714285714 0.13111827956989247
10 0.41405714285714285 0.5692903225806453 0.05202857142857143 0.21021505376344085
10 0.9570285714285713 0.5193118279569893 0.08178571428571428 0.1224731182795699
10 0.43798571428571426 0.16511827956989247 0.043757142857142856 0.19718279569892472
10 0.08062857142857142 0.38701075268817203 0.14807142857142858 0.09298924731182796
10 0.4882857142857143 0.2896129032258064 0.09040000000000001 0.14838709677419354
10 0.7768571428571428 0.5909677419354838 0.052128571428571434 0.17916129032258066
10 0.8320285714285713 0.9298279569892474 0.11065714285714284 0.1375483870967742
10 0.0318 0.4649247311827957 0.047 0.12926881720430108
10 0.6108428571428571 0.2030537634408602 0.059757142857142856 0.15729032258064515
10 0.21191428571428572 0.13974193548387098 0.10174285714285713 0.08511827956989247
10 0.9336 0.07079569892473118 0.11597142857142859 0.14159139784946237
10 0.34594285714285716 0.669268817204301 0.10192857142857142 0.09610752688172043
10 0.5810571428571428 0.04840860215053764 0.04037142857142857 0.09679569892473118
10 0.9467714285714286 0.4024301075268817 0.08929999999999999 0.08025806451612903
10 0.8003 0.11458064516129032 0.10705714285714285 0.10354838709677419
10 0.7392571428571428 0.31092473118279573 0.10931428571428571 0.1743010752688172
10 0.49779999999999996 0.5251827956989248 0.05481428571428571 0.24329032258064515
10 0.6079142857142857 0.9276344086021506 0.04345714285714286 0.12991397849462366
10 0.0799 0.24935483870967742 0.10412857142857143 0.14251612903225805
10 0.3884285714285714 0.045655913978494625 0.04812857142857142 0.09129032258064516
10 0.5380857142857143 0.7622365591397849 0.12402857142857142 0.10640860215053763
10 0.09948571428571429 0.4810967741935484 0.11841428571428572 0.062430107526881724
10 0.7177714285714286 0.9254193548387096 0.0716 0.13443010752688173
10 0.2627 0.050150537634408604 0.04858571428571428 0.10027956989247312
10 0.17834285714285714 0.5079139784946237 0.0505 0.16860215053763442
10 0.2226571428571429 0.6644731182795699 0.11535714285714285 0.09610752688172043
10 0.04525714285714286 0.11255913978494625 0.08282857142857142 0.1834838709677419
10 0.4985285714285715 0.08544086021505376 0.040614285714285714 0.14793548387096775
10 0.3486285714285714 0.05673118279569892 0.04122857142857143 0.09109677419354839
10 0.6611285714285715 0.8445591397849463 0.08831428571428572 0.11587096774193549
10 0.9448285714285715 0.3327956989247312 0.10192857142857142 0.0607741935483871
10 0.07531428571428571 0.5446666666666667 0.14197142857142855 0.08815053763440861
10 0.04278571428571429 0.6258924731182797 0.08557142857142858 0.12901075268817205
10 0.7094714285714285 0.2627741935483871 0.060642857142857144 0.07832258064516129
10 0.6455142857142857 0.5255483870967742 0.14807142857142858 0.0607741935483871
10 0.8242142857142858 0.6170752688172043 0.055728571428571426 0.0978494623655914
10 0.7714857142857142 0.6968172043010752 0.1192 0.06812903225806452
10 0.4594714285714286 0.5902365591397849 0.04812857142857142 0.17219354838709677
10 0.5390571428571428 0.18255913978494623 0.06524285714285714 0.1213763440860215
10 0.13 0.8276559139784947 0.059757142857142856 0.20911827956989246
10 0.7353571428571428 0.8666236559139785 0.10302857142857144 0.1341505376344086
10 0.1477 0.02931182795698925 0.11614285714285714 0.0586236559139785
10 0.6645571428571428 0.035956989247311825 0.1331857142857143 0.07189247311827957
10 0.24780000000000002 0.19479569892473117 0.0871 0.13204301075268818
10 0.7016571428571429 0.1323010752688172 0.07227142857142857 0.06675268817204301
10 0.22985714285714287 0.7475483870967742 0.11841428571428572 0.12496774193548386
10 0.2434142857142857 0.3041290322580645 0.0549 0.0969247311827957
10 0.5566428571428571 0.30466666666666664 0.06464285714285714 0.11834408602150538
10 0.1532 0.3004516129032258 0.10877142857142857 0.08402150537634409
10 0.45630000000000004 0.03638709677419355 0.0827 0.0727741935483871
10 0.035742857142857146 0.3155268817204301 0.051000000000000004 0.06623655913978495
10 0.5429714285714285 0.06417204301075269 0.04931428571428572 0.09950537634408603
10 0.6679714285714285 0.39838709677419354 0.050814285714285715 0.14819354838709678
10 0.31811428571428574 0.8842580645161291 0.15819999999999998 0.07933333333333334
10 0.9614285714285714 0.4671182795698925 0.05612857142857143 0.06675268817204301
10 0.4668 0.09197849462365593 0.04751428571428571 0.12587096774193549
10 0.7070285714285715 0.5806881720430107 0.09075714285714286 0.07341935483870968
10 0.8491142857142857 0.7199784946236559 0.052700000000000004 0.09675268817204301
10 0.04062857142857143 0.8261935483870968 0.08127142857142858 0.13350537634408602
10 0.2432857142857143 0.5630537634408602 0.04297142857142857 0.08172043010752689
10 0.302 0.08701075268817204 0.05822857142857143 0.0784731182795699
10 0.7602571428571427 0.9685806451612903 0.09040000000000001 0.06283870967741935
10 0.5766571428571429 0.8026666666666666 0.15027142857142856 0.10447311827956988
10 0.025842857142857143 0.9482150537634408 0.051685714285714286 0.08449462365591398
10 0.5649428571428571 0.7008602150537634 0.15430000000000002 0.09767741935483872
10 0.7124 0.17733333333333332 0.09484285714285715 0.051548387096774194
10 0.30492857142857144 0.16860215053763442 0.04552857142857143 0.08191397849462366
10 0.3203142857142857 0.946 0.15124285714285715 0.06587096774193549
10 0.02722857142857143 0.06763440860215053 0.0456 0.08782795698924732
10 0.7387714285714285 0.633978494623656 0.04208571428571429 0.0716774193548387
10 0.3244571428571429 0.6086236559139785 0.07318571428571428 0.08296774193548387
10 0.6167 0.040193548387096774 0.030671428571428568 0.06251612903225806
10 0.6503857142857142 0.3452903225806452 0.04654285714285714 0.06578494623655914
10 0.022414285714285713 0.7762150537634409 0.043514285714285714 0.06739784946236559
10 0.5512714285714285 0.8724946236559139 0.03488571428571429 0.050666666666666665
10 0.39941428571428567 0.26664516129032256 0.03671428571428571 0.05006451612903226