10 0.84521484375 0.4588623046875 0.304931640625 0.31219482421875
10 0.76318359375 0.172119140625 0.1571044921875 0.33563232421875
10 0.38671875 0.913330078125 0.1510009765625 0.16827392578125
10 0.140625 0.832763671875 0.279541015625 0.315673828125
10 0.1806640625 0.29425048828125 0.09417724609375 0.4453125
10 0.91259765625 0.6884765625 0.1729736328125 0.22357177734375
10 0.3544921875 0.6240234375 0.359130859375 0.202880859375
10 0.0711640373108879 0.35291413626702983 0.10740743970114086 0.6899552627161187
10 0.625 0.412353515625 0.21044921875 0.6588134765625
10 0.462890625 0.22412109375 0.1800537109375 0.4171142578125
10 0.405029296875 0.17669677734375 0.08819580078125 0.2318115234375
10 0.91455078125 0.8646087646484375 0.164306640625 0.270782470703125
10 0.7280423603360616 0.8206630408131018 0.2751323397197421 0.2064054527606438
10 0.326171875 0.30889892578125 0.1895751953125 0.18768310546875
10 0.1302490234375 0.4189453125 0.260498046875 0.11334228515625