9 0.7278481012658228 0.9388361045130641 0.5443037974683544 0.12232779097387174
9 0.9040084388185654 0.44358669833729214 0.14345991561181434 0.15914489311163896
9 0.5158227848101266 0.9216152019002375 0.8818565400843882 0.15676959619952494
9 0.7795358649789029 0.5766033254156769 0.42616033755274263 0.10332541567695962
9 0.5632911392405063 0.6122327790973872 0.1518987341772152 0.2161520190023753
9 0.9335443037974683 0.24584323040380046 0.13291139240506328 0.11757719714964371
9 0.5991561181434599 0.08254156769596199 0.3818565400843882 0.07244655581947744
9 0.5981012658227848 0.15736342042755344 0.12447257383966245 0.09382422802850356
9 0.8449367088607594 0.14251781472684086 0.0759493670886076 0.15914489311163896
9 0.4177215189873418 0.1163895486935867 0.16244725738396623 0.21852731591448932
9 0.3670886075949367 0.47624703087885983 0.22151898734177214 0.22327790973871733
9 0.0018098419035037538 0.0007824418163323644 0.0006470708707829423 0.00012689495798882914
9 0.16350210970464135 0.8182897862232779 0.3270042194092827 0.07600950118764846
9 0.7510548523206751 0.27790973871733965 0.12025316455696203 0.13657957244655583
9 0.6909282700421941 0.34441805225653205 0.3755274261603376 0.040380047505938245
9 0.6645569620253164 0.7072446555819477 0.056962025316455694 0.1840855106888361
9 0.43037974683544306 0.2529691211401425 0.4936708860759494 0.040380047505938245
9 0.3048523206751055 0.35391923990498814 0.2974683544303797 0.23871733966745842
9 0.0580168776371308 0.09085510688836104 0.1160337552742616 0.057007125890736345
9 0.05063291139240506 0.14251781472684086 0.10126582278481013 0.04513064133016627
9 0.929324894514768 0.14845605700712589 0.14135021097046413 0.08669833729216152
9 0.5443037974683544 0.6181710213776722 0.2742616033755274 0.25415676959619954
9 0.620253164556962 0.501187648456057 0.2510548523206751 0.0332541567695962
9 0.12552742616033755 0.917458432304038 0.2510548523206751 0.16508313539192399
9 0.7510548523206751 0.9269596199524941 0.4978902953586498 0.10332541567695962