8 0.20464135021097046 0.13215859030837004 0.3755274261603376 0.12334801762114538
8 0.2109704641350211 0.2830396475770925 0.3691983122362869 0.08370044052863436
8 0.20358649789029537 0.1762114537444934 0.07383966244725738 0.28634361233480177
8 0.34282700421940926 0.183920704845815 0.0949367088607595 0.34801762114537443
8 0.3755274261603376 0.45374449339207046 0.08649789029535865 0.3744493392070485
8 0.12974683544303797 0.513215859030837 0.08649789029535865 0.4185022026431718
8 0.44936708860759494 0.22797356828193832 0.09282700421940929 0.3634361233480176
8 0.49683544303797467 0.6618942731277533 0.350210970464135 0.09911894273127753
8 0.27742616033755274 0.5066079295154186 0.12025316455696203 0.35462555066079293
8 0.5611814345991561 0.2577092511013216 0.10548523206751055 0.42070484581497797
8 0.5042194092827004 0.2301762114537445 0.4029535864978903 0.07709251101321586
8 0.6487341772151899 0.1762114537444934 0.3881856540084388 0.06607929515418502
8 0.9029535864978903 0.2610132158590308 0.06751054852320675 0.4008810572687225
8 0.7658227848101266 0.2841409691629956 0.3987341772151899 0.08590308370044053
8 0.6867088607594937 0.42180616740088106 0.3670886075949367 0.09911894273127753
8 0.7225738396624473 0.4713656387665198 0.0949367088607595 0.40969162995594716
8 0.1751054852320675 0.762114537444934 0.0759493670886076 0.4008810572687225
8 0.7436708860759493 0.4966960352422907 0.35232067510548526 0.08370044052863436
8 0.3881856540084388 0.4878854625550661 0.3628691983122363 0.1013215859030837
8 0.7310126582278481 0.7444933920704846 0.4219409282700422 0.08370044052863436
8 0.7415611814345991 0.920704845814978 0.3670886075949367 0.11233480176211454
8 0.35864978902953587 0.9030837004405287 0.2890295358649789 0.0881057268722467
8 0.5727848101265823 0.8491189427312775 0.3860759493670886 0.07048458149779736
8 0.34810126582278483 0.7290748898678414 0.4029535864978903 0.08149779735682819
8 0.9029535864978903 0.7555066079295154 0.08649789029535865 0.4052863436123348
8 0.7362869198312236 0.1013215859030837 0.4177215189873418 0.08370044052863436