8 0.3206751054852321 0.75 0.379746835443038 0.25316455696202533
8 0.18248945147679324 0.6139240506329114 0.33544303797468356 0.20411392405063292
8 0.6613924050632911 0.9272151898734177 0.6012658227848101 0.14556962025316456
8 0.8639240506329114 0.45174050632911394 0.2721518987341772 0.2958860759493671
8 0.6677215189873418 0.5245253164556962 0.3691983122362869 0.26424050632911394
8 0.41455696202531644 0.08306962025316456 0.2805907172995781 0.12341772151898735
8 0.370253164556962 0.2389240506329114 0.2805907172995781 0.13291139240506328
8 0.6286919831223629 0.37183544303797467 0.29535864978902954 0.17405063291139242
8 0.15928270042194093 0.40189873417721517 0.20464135021097046 0.16455696202531644
8 0.3512658227848101 0.43591772151898733 0.3059071729957806 0.17088607594936708
8 0.6234177215189873 0.17088607594936708 0.2911392405063291 0.13765822784810128
8 0.820675105485232 0.22151898734177214 0.339662447257384 0.16455696202531644
8 0.7626582278481012 0.810126582278481 0.47468354430379744 0.24367088607594936