1 0.594725 0.74766 0.08868333333333334 0.21694
1 0.5376 0.47578 0.04794166666666667 0.17915999999999999
1 0.28686666666666666 0.7283200000000001 0.07794166666666667 0.10884
1 0.5527333333333333 0.86484 0.06176666666666667 0.15922
1 0.3002916666666667 0.83262 0.11859166666666666 0.15146
1 0.49902500000000005 0.8836 0.0603 0.11792
1 0.42236666666666667 0.842 0.08416666666666667 0.12215999999999999
1 0.3974583333333333 0.4254 0.08080833333333333 0.14106
1 0.4895 0.7998 0.03390833333333333 0.11170000000000001
1 0.6264666666666666 0.52208 0.1543 0.21547999999999998
1 0.29638333333333333 0.41894 0.08880833333333332 0.19247999999999998
1 0.673825 0.7541 0.052700000000000004 0.1199
1 0.5668916666666667 0.3205 0.059750000000000004 0.19498
1 0.3193333333333333 0.33194 0.052125 0.14686000000000002
1 0.45044166666666663 0.2061 0.061641666666666664 0.18631999999999999
1 0.5180666666666667 0.31758 0.06780833333333333 0.18675999999999998
1 0.5493166666666667 0.19804 0.10559166666666667 0.12304000000000001
1 0.4575166666666666 0.41043999999999997 0.03845 0.1035
1 0.5014666666666666 0.6375 0.07452500000000001 0.21812
1 0.24511666666666665 0.49542 0.09369166666666667 0.19702
1 0.255125 0.692 0.024933333333333335 0.07851999999999999
1 0.42846666666666666 0.7295 0.03933333333333334 0.07474
1 0.3313 0.5417000000000001 0.04501666666666667 0.16391999999999998
1 0.4221166666666667 0.29634 0.05450833333333333 0.1837
1 0.4069833333333333 0.9211 0.041775 0.08746
1 0.609375 0.1035 0.07519166666666667 0.06508
1 0.6586916666666667 0.81796 0.10412500000000001 0.2395
1 0.43188333333333334 0.11109999999999999 0.03079166666666667 0.08416
1 0.6289083333333334 0.30995999999999996 0.05410833333333334 0.1426
1 0.4704583333333333 0.34716 0.052033333333333334 0.12487999999999999
1 0.40819999999999995 0.14392 0.039125 0.21124
1 0.51025 0.22368000000000002 0.0287 0.04822
1 0.313475 0.60878 0.03655833333333333 0.15484
1 0.3317833333333333 0.9574199999999999 0.03534166666666667 0.06398
1 0.525875 0.75176 0.06335833333333334 0.16596
1 0.3837916666666667 0.56894 0.07825 0.13082
1 0.38671666666666665 0.6732400000000001 0.06176666666666667 0.12172
1 0.384525 0.19886 0.08571666666666666 0.33866
1 0.40694166666666665 0.6539400000000001 0.16150833333333334 0.33456
1 0.4765833333333333 0.08843999999999999 0.060316666666666664 0.12925999999999999