1 0.5647275432850576 0.7868923594554265 0.3590148349977889 0.42621528108914697
1 0.566037735849056 0.44420931802436536 0.20440251572327062 0.22522419822702489
1 0.14609546781335928 0.26978042471707886 0.2686060299663423 0.25136641161245166
1 0.3128685141509434 0.73974609375 0.2979436910377358 0.43408203125
1 0.4204746462264151 0.13446044921875 0.18849498820754718 0.2689208984375
1 0.24745725235849056 0.48291015625 0.2349277712264151 0.29443359375
1 0.11829304245283019 0.67431640625 0.22940005896226415 0.447998046875
1 0.8306308962264151 0.54833984375 0.24948408018867924 0.50439453125
1 0.72265625 0.10614013671875 0.2026827830188679 0.2098388671875
1 0.8918042452830188 0.1573486328125 0.17117482311320756 0.31201171875
1 0.6065742924528302 0.1949462890625 0.1538546580188679 0.18505859375
1 0.3920990566037736 0.35595703125 0.14934035966981132 0.185302734375
1 0.08411335495283019 0.40625 0.16048791273584906 0.29833984375
1 0.6154186320754716 0.332763671875 0.13846919221698112 0.18896484375
1 0.8306308962264151 0.3173828125 0.1401275058962264 0.1868896484375
1 0.5369251179245284 0.0948486328125 0.20139298349056603 0.18798828125
1 0.09830114976415094 0.11474609375 0.19568101415094338 0.1329345703125
1 0.23032134433962265 0.0604248046875 0.18886350235849056 0.11614990234375
1 0.06559551886792453 0.041229248046875 0.13073039504716982 0.08209228515625
1 0.4683814858490566 0.064971923828125 0.07913841391509434 0.12994384765625