9 0.8551797040169133 0.38495575221238937 0.28964059196617337 0.43805309734513276
9 0.8847780126849895 0.8451327433628318 0.23044397463002114 0.30973451327433627
9 0.6680761099365751 0.8960176991150443 0.2135306553911205 0.2079646017699115
9 0.06342494714587738 0.8473451327433629 0.12050739957716702 0.3053097345132743
9 0.18076109936575052 0.8694690265486725 0.10570824524312897 0.2610619469026549
9 0.2854122621564482 0.8904867256637168 0.09302325581395349 0.21902654867256638
9 0.4608879492600423 0.9170353982300885 0.22832980972515857 0.16592920353982302
9 0.8393234672304439 0.6426991150442478 0.321353065539112 0.11946902654867257
9 0.741014799154334 0.5176991150442478 0.5179704016913319 0.14380530973451328
9 0.758985200845666 0.5962389380530974 0.4820295983086681 0.8075221238938053
9 0.41966173361522197 0.8296460176991151 0.8393234672304439 0.3407079646017699