10 0.86669921875 0.4205729166666667 0.075439453125 0.19032118055555555
10 0.81494140625 0.22569444444444445 0.1326904296875 0.125
10 0.92041015625 0.8715277777777778 0.13525390625 0.1012912326388889
10 0.451416015625 0.8133680555555556 0.10504150390625 0.1606987847222222
10 0.75341796875 0.5030381944444444 0.1502685546875 0.13411458333333334
10 0.315673828125 0.1978081597222222 0.05224609375 0.2261284722222222
10 0.73193359375 0.3020833333333333 0.08758544921875 0.07411024305555555
10 0.45068359375 0.24283854166666666 0.08770751953125 0.09440104166666667
10 0.95263671875 0.4090711805555556 0.092529296875 0.12684461805555555
10 0.26904296875 0.9366319444444444 0.0965576171875 0.11729600694444445
10 0.55029296875 0.2786458333333333 0.097900390625 0.2367621527777778
10 0.39111328125 0.8702256944444444 0.04986572265625 0.24913194444444445
10 0.058349609375 0.16276041666666666 0.114990234375 0.06488715277777778
10 0.19287109375 0.7552083333333334 0.1419677734375 0.060384114583333336
10 0.876953125 0.2725694444444444 0.1104736328125 0.171875
10 0.431640625 0.3009982638888889 0.0943603515625 0.09320746527777778
10 0.7578125 0.4377170138888889 0.134765625 0.11577690972222222
10 0.61474609375 0.3055555555555556 0.071044921875 0.0849609375
10 0.7939453125 0.6792534722222222 0.1240234375 0.0810546875
10 0.08599853515625 0.9079861111111112 0.13916015625 0.12272135416666667
10 0.259765625 0.4865451388888889 0.10015869140625 0.1081814236111111
10 0.04010009765625 0.2736545138888889 0.053192138671875 0.142578125
10 0.946746826171875 0.77734375 0.10650634765625 0.09798177083333333
10 0.501953125 0.2940538194444444 0.07684326171875 0.1796875
10 0.15771484375 0.5967881944444444 0.11279296875 0.09760199652777778
10 0.5087890625 0.4479166666666667 0.10540771484375 0.14290364583333334
10 0.1837158203125 0.341796875 0.06866455078125 0.1633029513888889
10 0.62060546875 0.1164279513888889 0.0394287109375 0.2212456597222222
10 0.955078125 0.6384548611111112 0.08709716796875 0.107421875
10 0.146728515625 0.057183159722222224 0.12066650390625 0.1086154513888889
10 0.576171875 0.5577256944444444 0.090087890625 0.2133246527777778
10 0.7314453125 0.0881618923611111 0.044921875 0.1252170138888889
10 0.80615234375 0.9152560763888888 0.04296875 0.1694878472222222
10 0.67138671875 0.6901041666666666 0.102294921875 0.06917317708333333
10 0.14404296875 0.4822048611111111 0.1302490234375 0.06852213541666667
10 0.31298828125 0.9506022135416666 0.08990478515625 0.09879557291666667
10 0.69287109375 0.142578125 0.0394287109375 0.1665581597222222
10 0.1221923828125 0.3218315972222222 0.046539306640625 0.201171875
10 0.9619293212890625 0.9201388888888888 0.076141357421875 0.15907118055555555
10 0.52685546875 0.9142523871527778 0.070068359375 0.17149522569444445
10 0.97216796875 0.16276041666666666 0.050811767578125 0.2058376736111111
10 0.48291015625 0.06597222222222222 0.08404541015625 0.10237630208333333
10 0.389892578125 0.1420355902777778 0.110107421875 0.11555989583333333
10 0.1104736328125 0.3630642361111111 0.102294921875 0.06141493055555555
10 0.57763671875 0.1333550347222222 0.034942626953125 0.052408854166666664
10 0.89453125 0.6801215277777778 0.0738525390625 0.08848741319444445
10 0.7197265625 0.9060872395833334 0.03912353515625 0.18782552083333334
10 0.11181640625 0.11534288194444445 0.050811767578125 0.08637152777777778
10 0.222412109375 0.8051215277777778 0.1280517578125 0.08338758680555555
10 0.357666015625 0.7725694444444444 0.0341796875 0.21484375
10 0.6689453125 0.5620659722222222 0.073974609375 0.21006944444444445
10 0.323486328125 0.4149305555555556 0.0872802734375 0.1570095486111111
10 0.451171875 0.7057291666666666 0.060211181640625 0.0886501736111111
10 0.141357421875 0.54296875 0.1331787109375 0.07649739583333333
10 0.0889892578125 0.7604166666666666 0.07696533203125 0.1400824652777778
10 0.81640625 0.6059027777777778 0.061309814453125 0.10584852430555555
10 0.32666015625 0.041558159722222224 0.081787109375 0.07926432291666667
10 0.74072265625 0.3611111111111111 0.0802001953125 0.08289930555555555
10 0.54736328125 0.19129774305555555 0.0293121337890625 0.0949435763888889
10 0.25537109375 0.13953993055555555 0.07342529296875 0.15125868055555555
10 0.66064453125 0.142578125 0.037689208984375 0.18348524305555555
10 0.480224609375 0.193359375 0.07275390625 0.09440104166666667
10 0.6748046875 0.302734375 0.06439208984375 0.1967230902777778
10 0.1417236328125 0.66796875 0.10797119140625 0.06575520833333333
10 0.1600341796875 0.19542100694444445 0.05511474609375 0.1860894097222222
10 0.65380859375 0.77734375 0.08465576171875 0.07231987847222222
10 0.56494140625 0.9618055555555556 0.06829833984375 0.0763888888888889
10 0.491455078125 0.7174479166666666 0.05126953125 0.15787760416666666
10 0.2001953125 0.4075520833333333 0.063720703125 0.1238064236111111
10 0.86279296875 0.5924479166666666 0.05706787109375 0.09673394097222222
10 0.270263671875 0.2957899305555556 0.07275390625 0.0632052951388889
10 0.55908203125 0.3272569444444444 0.05865478515625 0.09478081597222222
10 0.1929931640625 0.15733506944444445 0.0604248046875 0.08734809027777778
10 0.76611328125 0.13487413194444445 0.034423828125 0.1106228298611111
10 0.2998046875 0.5394965277777778 0.162109375 0.20225694444444445
10 0.53173828125 0.7434895833333334 0.041778564453125 0.1923828125
10 0.6005859375 0.7417534722222222 0.044677734375 0.2834201388888889
10 0.57666015625 0.7586805555555556 0.052520751953125 0.1821831597222222
10 0.3603515625 0.5872395833333334 0.09039306640625 0.177734375
10 0.2239990234375 0.8984375 0.064208984375 0.10015190972222222
10 0.81689453125 0.11078559027777778 0.0823974609375 0.08555772569444445
10 0.42138671875 0.07899305555555555 0.07183837890625 0.06624348958333333
10 0.75244140625 0.6241319444444444 0.06427001953125 0.06342230902777778
10 0.87255859375 0.027628580729166668 0.11859130859375 0.055257161458333336
10 0.2276611328125 0.039632161458333336 0.08447265625 0.057074652777777776
10 0.406494140625 0.70703125 0.033843994140625 0.13834635416666666
10 0.1923828125 0.9366319444444444 0.06451416015625 0.10921223958333333
10 0.2841796875 0.8524305555555556 0.0703125 0.09266493055555555
10 0.1048583984375 0.2881944444444444 0.026153564453125 0.06944444444444445
10 0.70361328125 0.025994194878472224 0.1070556640625 0.05198838975694445
10 0.6669921875 0.9462754991319444 0.058441162109375 0.1074490017361111
10 0.01154327392578125 0.2771267361111111 0.0230865478515625 0.07259114583333333
10 0.330810546875 0.8407118055555556 0.0390625 0.1372612847222222
10 0.76123046875 0.9147135416666666 0.0301055908203125 0.17057291666666666
10 0.059326171875 0.4657118055555556 0.0843505859375 0.06917317708333333
10 0.71240234375 0.5451388888888888 0.041473388671875 0.08734809027777778
10 0.646484375 0.4344618055555556 0.060516357421875 0.13368055555555555
10 0.828125 0.8342013888888888 0.07080078125 0.14051649305555555
10 0.42333984375 0.030409071180555556 0.11126708984375 0.059136284722222224
10 0.1634521484375 0.9630940755208334 0.05242919921875 0.07381184895833333
10 0.55419921875 0.6336805555555556 0.05450439453125 0.099609375
10 0.5673828125 0.026896158854166668 0.1070556640625 0.05319552951388889
10 0.02336883544921875 0.5217013888888888 0.0467376708984375 0.0703125
10 0.0169219970703125 0.3995225694444444 0.03338623046875 0.08355034722222222
10 0.79931640625 0.3962673611111111 0.049957275390625 0.10487196180555555
10 0.72314453125 0.18348524305555555 0.039642333984375 0.1106228298611111
10 0.943359375 0.3342013888888889 0.06549072265625 0.1120876736111111
10 0.609375 0.9305555555555556 0.058441162109375 0.13411458333333334
10 0.859375 0.6922743055555556 0.2451171875 0.15787760416666666
10 0.46923828125 0.9435763888888888 0.0810546875 0.11002604166666667
10 0.72509765625 0.7565104166666666 0.1971435546875 0.1042751736111111
10 0.366455078125 0.259765625 0.10858154296875 0.1633029513888889
10 0.5263671875 0.33984375 0.058013916015625 0.1134982638888889
10 0.31298828125 0.6228298611111112 0.0330810546875 0.06982421875
10 0.27587890625 0.6818576388888888 0.0460205078125 0.17252604166666666
10 0.7255859375 0.7547743055555556 0.07196044921875 0.054850260416666664
10 0.0258026123046875 0.6675347222222222 0.0489501953125 0.08946397569444445
10 0.03582763671875 0.099609375 0.06439208984375 0.07481553819444445
10 0.833984375 0.4138454861111111 0.03662109375 0.07682291666666667
10 0.013912200927734375 0.5928819444444444 0.02782440185546875 0.13248697916666666
10 0.9773941040039062 0.04758029513888889 0.0452117919921875 0.06391059027777778
10 0.428955078125 0.5208333333333334 0.1033935546875 0.2189670138888889
10 0.06671142578125 0.4192708333333333 0.039642333984375 0.04123263888888889
10 0.266357421875 0.6471354166666666 0.11614990234375 0.18250868055555555
10 0.36376953125 0.10877821180555555 0.08709716796875 0.055365668402777776
10 0.814453125 0.7465277777777778 0.097412109375 0.09185112847222222
10 0.033966064453125 0.8181423611111112 0.05975341796875 0.0849609375
10 0.283447265625 0.236328125 0.044586181640625 0.07139756944444445