2 0.645 0.5078571428571429 0.2742857142857143 0.25142857142857145
2 0.42142857142857143 0.6035714285714285 0.25142857142857145 0.44285714285714284
2 0.6521428571428571 0.6735714285714286 0.39 0.16714285714285715
2 0.18714285714285714 0.23142857142857143 0.26142857142857145 0.21571428571428572
2 0.42642857142857143 0.2714285714285714 0.20142857142857143 0.22142857142857142
2 0.3585714285714286 0.11 0.3171428571428571 0.1457142857142857
2 0.7371428571428571 0.31285714285714283 0.2357142857142857 0.21
2 0.8314285714285714 0.51 0.18 0.2857142857142857
2 0.3892857142857143 0.8478571428571429 0.37857142857142856 0.24857142857142858
2 0.19714285714285715 0.5635714285714286 0.26142857142857145 0.3742857142857143
2 0.7578571428571429 0.1492857142857143 0.27285714285714285 0.2357142857142857
2 0.6792857142857143 0.8764285714285714 0.45285714285714285 0.24714285714285714