5 0.40189873417721517 0.4696394686907021 0.07805907172995781 0.11954459203036052
5 0.3744725738396624 0.5246679316888045 0.08860759493670886 0.13092979127134724
5 0.379746835443038 0.4648956356736243 0.052742616033755275 0.1157495256166983
5 0.23628691983122363 0.4060721062618596 0.12869198312236288 0.1461100569259962
5 0.21940928270042195 0.49430740037950666 0.10970464135021098 0.11195445920303605
5 0.20253164556962025 0.5332068311195446 0.10337552742616034 0.09867172675521822
5 0.17616033755274263 0.7115749525616698 0.1308016877637131 0.17077798861480076
5 0.1571729957805907 0.6062618595825426 0.12658227848101267 0.06451612903225806
5 0.4419831223628692 0.5265654648956357 0.0759493670886076 0.09487666034155598
5 0.4757383966244726 0.6110056925996205 0.12236286919831224 0.051233396584440226
5 0.6940928270042194 0.38425047438330173 0.1308016877637131 0.0777988614800759
12 0.9103375527426161 0.961100569259962 0.056962025316455694 0.05313092979127135