5 0.26582278481012656 0.5328947368421053 0.14135021097046413 0.3355263157894737
5 0.3755274261603376 0.5016447368421053 0.08438818565400844 0.2993421052631579
5 0.49156118143459915 0.3371710526315789 0.1308016877637131 0.22697368421052633
5 0.5168776371308017 0.6332236842105263 0.1308016877637131 0.3125
5 0.6983122362869199 0.6578947368421053 0.21518987341772153 0.24671052631578946
5 0.8333333333333334 0.42269736842105265 0.14556962025316456 0.15460526315789475
5 0.7056962025316456 0.37664473684210525 0.1540084388185654 0.16447368421052633
5 0.24472573839662448 0.4407894736842105 0.07805907172995781 0.3355263157894737
5 0.17405063291139242 0.5164473684210527 0.07172995780590717 0.23026315789473684
5 0.16561181434599156 0.6924342105263158 0.1518987341772152 0.19078947368421054
5 0.9556962025316456 0.7286184210526315 0.08860759493670886 0.17763157894736842