1 0.19252394366197184 0.4540401691331924 0.20862676056338028 0.46096194503171245 0.20862676056338028 0.5027315010570824 0.21558028169014087 0.6123805496828753 0.2306464788732394 0.6489281183932346 0.23180563380281688 0.8821479915433403 0.1750169014084507 0.8838879492600423 0.1483605633802817 0.8630021141649048 0.15531408450704226 0.629784355179704 0.1750169014084507 0.5845327695560253 0.1750169014084507 0.4870676532769556 0.1726985915492958 0.4835877378435518
1 0.3411943661971831 0.7500232558139536 0.328 0.7899048625792812 0.3303169014084507 0.8647441860465116 0.36508591549295777 0.8699640591966173 0.42187464788732393 0.8647441860465116 0.5238633802816901 0.8386363636363636 0.526181690140845 0.8160105708245243 0.5991957746478873 0.8107885835095137 0.6235338028169014 0.8125306553911205 0.6212154929577465 0.7568350951374208 0.5841295774647888 0.7620570824524312 0.5134323943661971 0.7620570824524312 0.49604788732394367 0.7446532769556026
1 0.4742140845070423 0.7594186046511627 0.4346239436619719 0.8142706131078223 0.43346478873239436 0.8508202959830866 0.4230338028169014 0.8943298097251585 0.4392591549295775 0.9326194503171248 0.456643661971831 0.9169556025369979 0.4601211267605633 0.8925898520084566 0.4809816901408451 0.8647441860465116 0.4937309859154929 0.8838879492600423 0.5377704225352112 0.8177505285412262 0.5203859154929578 0.7724989429175476 0.4890943661971831 0.7481331923890063 0.4775056338028169 0.7620570824524312
1 0.688612676056338 0.6725031712473573 0.6872760563380281 0.7063636363636364 0.5829704225352113 0.7185454545454546 0.5655859154929577 0.7324693446088796 0.4230338028169014 0.7342093023255815 0.42187464788732393 0.6819978858350951 0.3894239436619718 0.6611120507399577 0.3882647887323944 0.6210824524312897 0.5424070422535211 0.6245623678646934 0.5887647887323944 0.6576300211416491
1 0.554243661971831 0.62130866807611 0.5932070422535212 0.5898689217758984 0.6445676056338028 0.578661733615222 0.6823197183098592 0.5667949260042283 0.7064633802816901 0.5727293868921776 0.7275352112676056 0.6017357293868921 0.6924169014084507 0.6083276955602537 0.5888169014084507 0.6254672304439747 0.5664281690140844 0.635355179704017
1 0.573012676056338 0.6373340380549682 0.5905718309859155 0.622830866807611 0.6366661971830986 0.618215644820296 0.7200718309859154 0.6030528541226217 0.7349971830985915 0.6043720930232558 0.7433380281690141 0.636014799154334 0.7437774647887324 0.6630443974630021 0.7428985915492957 0.6953467230443975 0.7213887323943663 0.7025983086680762 0.687587323943662 0.7078710359408034 0.6836366197183099 0.6669978858350951 0.6700281690140846 0.6617251585623678 0.6344704225352112 0.6617251585623678 0.6028633802816902 0.6617251585623678 0.5782802816901409 0.6564503171247357
1 0.49318873239436617 0.6204186046511628 0.511556338028169 0.6050317124735729 0.5405281690140845 0.5911881606765328 0.5550154929577464 0.5885496828752643 0.5673070422535211 0.6056913319238901 0.5471126760563381 0.6248076109936574 0.5304323943661973 0.6307420718816068
1 0.4410267605633803 0.5963953488372093 0.4628281690140845 0.583276955602537 0.4799492957746479 0.5859133192389007 0.5005816901408451 0.6076680761099367 0.49048450704225355 0.6234904862579281 0.4619507042253521 0.6294228329809725 0.4518535211267605 0.622830866807611 0.4435140845070422 0.6050317124735729
1 0.3833732394366197 0.48175475687103597 0.3868845070422535 0.46791120507399575 0.39829859154929576 0.45868076109936573 0.40971126760563376 0.4698879492600423 0.4101507042253521 0.47977801268498943 0.42024788732394364 0.521968287526427 0.43385633802816903 0.539107822410148 0.44000140845070423 0.5720697674418604 0.4404408450704226 0.6037124735729387 0.4395619718309859 0.6221712473572938 0.39654225352112676 0.6274439746300211 0.38512957746478876 0.6208520084566597 0.3745929577464789 0.5812980972515857 0.36800845070422533 0.5450401691331923 0.3855676056338028 0.5246046511627908
1 0.3064704225352113 0.681813953488372 0.32850422535211266 0.6552262156448203 0.3934732394366197 0.6611585623678647 0.418056338028169 0.6697293868921775 0.4321042253521126 0.6954397463002114 0.4338591549295775 0.7270824524312897 0.4242014084507042 0.7488372093023256 0.3912788732394366 0.7527928118393236 0.3732802816901408 0.7481775898520084 0.3702070422535211 0.7343340380549682 0.3399169014084507 0.7303784355179704 0.29909154929577464 0.7224672304439745 0.28987323943661975 0.7185116279069768 0.27450985915492954 0.7040084566596194 0.27889859154929575 0.6921437632135307 0.299530985915493 0.6908245243128964
1 0.23889577464788733 0.702276955602537 0.27755774647887327 0.7031923890063425 0.2929225352112676 0.7183551797040169 0.37106056338028165 0.736154334038055 0.37501267605633803 0.7453826638477801 0.3451619718309859 0.7519767441860465 0.3359422535211268 0.7836194503171247 0.2929225352112676 0.7915285412262156 0.28194788732394366 0.7987801268498943 0.2428788732394366 0.8060317124735729 0.2415619718309859 0.8000993657505285 0.26175492957746477 0.7888921775898521 0.2679 0.780323467230444 0.3218957746478873 0.7691162790697674 0.3218957746478873 0.7308794926004228 0.2911661971830986 0.7354947145877379 0.2700957746478873 0.7236279069767442 0.23453802816901406 0.701215644820296
1 0.06818028169014084 0.6969386892177589 0.056446478873239433 0.7160782241014799 0.058202816901408445 0.7536532769556026 0.057323943661971834 0.7892536997885835 0.06742112676056337 0.8156215644820296 0.08410281690140846 0.822213530655391 0.1565338028169014 0.8096892177589852 0.24213521126760562 0.804414376321353 0.26496338028169014 0.7938668076109937 0.26759718309859154 0.7839788583509514 0.32290845070422536 0.7721120507399577 0.32203098591549295 0.7325581395348837 0.2864732394366197 0.7365137420718816 0.23730704225352112 0.7028942917547568 0.15126619718309858 0.6956427061310781
1 0.23119014084507045 0.6382156448202959 0.26211690140845073 0.6264228329809726 0.29240704225352115 0.6422431289640592 0.3147943661971831 0.6580655391120507 0.32181830985915494 0.667953488372093 0.29416338028169015 0.690367864693446 0.275725352112676 0.694323467230444 0.2726521126760563 0.7042114164904862 0.23533943661971832 0.7068477801268499
1 0.15828028169014086 0.6310972515856237 0.13612957746478874 0.637630021141649 0.11944788732394367 0.6527928118393235 0.10627887323943662 0.672568710359408 0.09179154929577464 0.6791606765327696 0.08345070422535211 0.6883911205073996 0.10891267605633803 0.6936638477801269 0.15807887323943662 0.6956427061310781
1 0.0018014084507042252 0.8551754756871036 0.02243239436619718 0.8136448202959831 0.021554929577464788 0.747061310782241 0.01233661971830986 0.734536997885835 0 0.7187145877378436
1 0.001791549295774648 0.6960486257928118 0.02067746478873239 0.7055306553911205 0.032969014084507045 0.707507399577167 0.04174788732394366 0.7180549682875264 0.040430985915492955 0.7424482029598308 0.018043661971830986 0.7417885835095137 0 0.7160782241014799
1 0.004756338028169014 0.6444439746300211 0.025505633802816903 0.6521331923890064 0.06589154929577465 0.6574059196617336 0.08520704225352113 0.6804799154334038 0.08125633802816902 0.6870718816067654 0.08608591549295774 0.6956427061310781 0.06545352112676056 0.7022346723044397 0.05535633802816901 0.7279450317124735 0.05667323943661972 0.7411289640591966 0.040430985915492955 0.7108033826638477 0.024188732394366197 0.7015750528541227 0.0004830985915492958 0.6969598308668076
1 0.000014084507042253522 0.5350021141649048 0.018043661971830986 0.5431881606765327 0.04087042253521127 0.5695581395348838 0.07730563380281691 0.6064756871035941 0.10847323943661973 0.6367991543340381 0.11857042253521127 0.6499852008456659 0.10583943661971831 0.6684418604651163 0.08520704225352113 0.6809682875264271 0.06545352112676056 0.6598731501057082 0.04569859154929577 0.6578942917547569 0 0.6394376321353066
1 0.04179859154929577 0.5388985200845666 0.0502338028169014 0.5083192389006342 0.06536056338028169 0.4912811839323467 0.08165211267605633 0.48734883720930233 0.1377957746478873 0.510938689217759 0.1561225352112676 0.5415200845665962 0.1561225352112676 0.5681670190274841 0.14448591549295775 0.5939408033826639 0.13488591549295775 0.5720993657505286 0.1177225352112676 0.5755940803382663 0.10666901408450705 0.5764672304439746 0.0863056338028169 0.5699154334038055 0.08339718309859155 0.5493826638477801 0.06623380281690142 0.5428308668076111 0.052852112676056336 0.5489450317124736
1 0.04046760563380281 0.5667928118393235 0.05401549295774648 0.5589936575052854 0.08252394366197183 0.5655454545454545 0.1037605633802817 0.5751564482029597 0.13488591549295775 0.5707885835095138 0.14535915492957746 0.5891353065539112 0.13983098591549295 0.6114164904862579 0.12615915492957747 0.6131627906976744 0.10521408450704225 0.5751564482029597 0.08746901408450704 0.5742832980972516 0.05721549295774647 0.5852050739957717
1 0.12256338028169013 0.622215644820296 0.12150422535211268 0.6057357293868921 0.1023056338028169 0.573845665961945 0.059833802816901406 0.5838942917547569 0.0976507042253521 0.6240845665961945
1 0 0.43707610993657503 0.02697042253521127 0.44373995771670194 0.05489718309859155 0.45465961945031713 0.06013239436619719 0.4633974630021142 0.05518732394366197 0.48043551797040174 0.05664225352112676 0.5018414376321353 0.04064225352112676 0.5184418604651163 0.03337042253521127 0.5280507399577167 0.018825352112676056 0.5114503171247358 0 0.46776532769556023
1 0.05892957746478874 0.4541754756871036 0.07031408450704225 0.4411183932346723 0.09009577464788733 0.43936997885835094 0.1101676056338028 0.44155602536997884 0.14507605633802817 0.44461310782241015 0.1535112676056338 0.45335095137420717 0.1407112676056338 0.4620866807610994 0.12645774647887323 0.47956025369978855 0.12063943661971831 0.5018414376321353 0.09736760563380281 0.4926659619450317 0.07351408450704225 0.4843657505285412 0.05955070422535211 0.4983467230443974 0.05576901408450704 0.47825158562367864
1 0.23583661971830985 0.5922684989429174 0.23438169014084506 0.5603784355179705 0.22943661971830986 0.537661733615222 0.21256478873239434 0.5158202959830867 0.17329295774647888 0.466892177589852 0.15961971830985916 0.45247568710359404 0.13489436619718312 0.46601902748414376 0.12296760563380282 0.49135517970401693 0.12180281690140846 0.5031522198731502 0.14042112676056337 0.5136363636363636 0.15729295774647886 0.5498942917547569 0.15729295774647886 0.5699894291754757 0.1695112676056338 0.5887737843551797
1 0.1640830985915493 0.45291331923890066 0.18211830985915492 0.4367505285412262 0.20219014084507042 0.4175285412262157 0.22400845070422534 0.3961226215644821 0.23622535211267606 0.3860739957716702 0.24553521126760566 0.3935010570824524 0.25949718309859154 0.4218964059196617 0.26822535211267606 0.44723467230443975 0.2696788732394366 0.4655813953488372 0.23942535211267604 0.49747145877378435 0.21149859154929576 0.5171310782241015
1 0.23019154929577465 0.5373107822410148 0.23302535211267605 0.5145095137420719 0.23942535211267604 0.500093023255814 0.24960704225352112 0.4869873150105708 0.26706056338028167 0.485676532769556 0.2810239436619718 0.48960887949260046 0.29295070422535213 0.5066469344608879 0.2996422535211268 0.5214989429175476 0.2996422535211268 0.5372262156448203 0.29469718309859155 0.5603784355179705 0.2717154929577465 0.5721733615221987 0.25280704225352113 0.5800380549682875 0.23709859154929577 0.5621268498942918 0.23128028169014084 0.5411564482029598
1 0.3197507042253521 0.5738668076109937 0.31232957746478873 0.5599915433403805 0.3161112676056338 0.5377103594080338 0.32774647887323943 0.5211099365750529 0.3396732394366197 0.5294101479915433 0.3452014084507042 0.5521268498942917 0.36090985915492957 0.5669809725158562 0.3757450704225352 0.5857653276955602 0.3862183098591549 0.6176553911205074 0.3923267605633803 0.6364397463002114 0.39203521126760565 0.6574080338266385 0.37400000000000005 0.6626511627906977 0.35363661971830984 0.6604672304439747 0.33356478873239437 0.6591564482029598 0.32396478873239437 0.6609027484143764 0.321056338028169 0.6456131078224101 0.31989295774647886 0.6237716701902748 0.3161112676056338 0.6194016913319238 0.31640140845070425 0.5966871035940804 0.3201830985915493 0.5669809725158562 0.32076478873239433 0.5687272727272726
1 0.2986577464788732 0.6189661733615223 0.29545774647887324 0.5866384778012685 0.2916760563380282 0.5525644820295983 0.30040281690140846 0.5289746300211416 0.3137845070422535 0.5075687103594081 0.3216380281690141 0.4992684989429175 0.3236746478873239 0.4896575052854123 0.3393830985915493 0.486600422832981 0.34229154929577466 0.5005792811839324 0.3562549295774648 0.5093150105708245 0.37138169014084504 0.5359640591966174 0.3742915492957747 0.5599915433403805 0.3742915492957747 0.5774651162790698 0.3562549295774648 0.5621754756871036 0.3434549295774648 0.5481966173361523 0.3388014084507042 0.5285369978858351 0.3280380281690141 0.5215475687103595 0.3161112676056338 0.536399577167019 0.31581971830985917 0.5613002114164904 0.3228014084507042 0.576154334038055 0.3201830985915493 0.5936279069767442 0.31931126760563383 0.62246088794926
1 0.46744366197183096 0.5361310782241014 0.47502816901408446 0.5424016913319238 0.4788098591549296 0.5581268498942918 0.4791 0.5751649048625793 0.4703732394366197 0.5847758985200845 0.4555380281690141 0.5887061310782241 0.4404112676056338 0.5738541226215644 0.435756338028169 0.5515750528541226 0.43401126760563385 0.5327906976744186 0.4238295774647887 0.5244904862579282 0.4252845070422535 0.511384778012685 0.4165577464788732 0.4773107822410148 0.45495633802816904 0.5030845665961945 0.46106478873239437 0.5227420718816068 0.4578647887323944 0.5271120507399577
1 0.38809859154929577 0.4689154334038055 0.3790507042253521 0.46901057082452435 0.36508732394366195 0.4812410147991544 0.359269014084507 0.5017737843551797 0.36450563380281686 0.5354122621564482 0.37439577464788737 0.5432748414376322 0.3845774647887324 0.5306067653276956 0.3839957746478873 0.48779492600422836
1 0.28363521126760566 0.49041649048625796 0.2900352112676057 0.47774630021141645 0.3002169014084507 0.47163002114164904 0.31883380281690143 0.4786215644820296 0.32872394366197183 0.48954122621564483 0.3208704225352113 0.5052684989429175 0.299343661971831 0.530169133192389
1 0.26356338028169013 0.48255179704016915 0.2827619718309859 0.459399577167019 0.31825211267605635 0.4327505285412262 0.33861549295774646 0.4310042283298097 0.3549056338028169 0.44891543340380546 0.3659591549295775 0.47774630021141645 0.3557774647887324 0.4816786469344609 0.34559718309859155 0.5000253699788584 0.3336704225352113 0.48604651162790696 0.32494225352112677 0.4746892177589852 0.3205788732394366 0.4781839323467231 0.30225211267605634 0.47032135306553907 0.28450704225352114 0.48823044397463
1 0.2593112676056338 0.4202980972515856 0.26949295774647886 0.4198625792811839 0.28374647887323945 0.41330866807610994 0.29800000000000004 0.40544608879492605 0.32098169014084504 0.3949619450317125 0.3387267605633803 0.38185623678646935 0.3395985915492958 0.41767864693446094 0.31836338028169014 0.4364630021141649 0.2974183098591549 0.45000422832980974 0.2726929577464789 0.46136363636363636 0.2662929577464789 0.4421416490486258 0.26018309859154926 0.43471458773784355 0.25727464788732396 0.430784355179704 0.2584380281690141 0.41593023255813955
1 0.34163521126760565 0.4299090909090909 0.3489084507042253 0.41898942917547566 0.36548873239436624 0.4202980972515856 0.3881788732394367 0.4299090909090909 0.41319718309859155 0.4386469344608879 0.4419957746478873 0.457431289640592 0.4571225352112676 0.4700993657505285 0.4417042253521127 0.48713742071881605 0.42774225352112677 0.48975898520084565 0.41581549295774645 0.4832050739957717 0.4094154929577465 0.4705369978858351 0.3919605633802817 0.4604883720930233 0.3835253521126761 0.4696638477801269 0.3742154929577465 0.46704228329809727 0.36548873239436624 0.4744693446088795 0.3585070422535211 0.45699365750528537 0.35443521126760563 0.4451987315010571
1 0.34017605633802817 0.34332558139534886 0.33698169014084506 0.37311839323467233 0.33756338028169014 0.38229386892177586 0.3404718309859155 0.4229196617336152 0.354143661971831 0.4202980972515856 0.36956197183098594 0.4185517970401691 0.40912394366197186 0.43427906976744185 0.433269014084507 0.44257928118393236 0.4722492957746479 0.43733615221987315 0.5030845070422535 0.4334038054968288 0.5094845070422535 0.4281627906976744 0.5030845070422535 0.41767864693446094 0.5164661971830986 0.4150570824524313 0.5205380281690141 0.3936511627906977 0.5286845070422534 0.38185623678646935 0.5039577464788733 0.3757399577167019 0.4844676056338028 0.35957716701902753 0.47312253521126757 0.35215010570824523 0.44519577464788734 0.35083932346723046 0.41988732394366196 0.34734460887949264 0.38032535211267604 0.34559830866807606 0.3381450704225352 0.34778224101479915 0.3395985915492958 0.3434122621564482
1 0.1551661971830986 0.3545285412262157 0.1517338028169014 0.37119450317124736 0.15348028169014086 0.394784355179704 0.1590070422535211 0.42667441860465116 0.17064225352112677 0.44589640591966173 0.2134056338028169 0.4096384778012685 0.22562253521126763 0.39260042283298097 0.22591408450704226 0.3821162790697675 0.2110774647887324 0.3563424947145878 0.19886056338028169 0.3375581395348837 0.1805338028169014 0.3301310782241014 0.16453380281690141 0.33712050739957716 0.15144366197183098 0.35241014799154335
1 0.035753521126760564 0.36868076109936576 0.0331830985915493 0.39303805496828753 0.08612676056338028 0.4354122621564482 0.1184169014084507 0.44283932346723043 0.14314366197183098 0.4445856236786469 0.15419718309859157 0.4507019027484144 0.17514225352112675 0.4463340380549683 0.15972535211267605 0.42405285412262156 0.15390704225352111 0.3965327695560254 0.13587042253521128 0.3891057082452431 0.11899859154929578 0.4026490486257928 0.05994647887323944 0.37250528541226213 0.05092816901408451 0.3668266384778012 0.03870985915492958 0.3650782241014799
1 0.0008929577464788733 0.3366828752642706 0.009329577464788732 0.3362473572938689 0.021547887323943662 0.3510993657505285 0.039292957746478875 0.3663890063424947 0.0331830985915493 0.3899788583509514 0.08990845070422536 0.436723044397463 0.07449154929577466 0.4402177589852009 0.05849154929577465 0.4537589852008456 0.04714647887323943 0.4507019027484144 0.036964788732394366 0.43890697674418605 0 0.3956575052854122
1 0.08210422535211268 0.381061310782241 0.08816338028169013 0.376 0.08961830985915492 0.3733784355179704 0.15361549295774646 0.3707568710359408 0.15419718309859157 0.39085200845665957 0.1408169014084507 0.3921627906976744 0.12336197183098592 0.39915221987315014 0.11696197183098593 0.4043953488372093
1 0.00962112676056338 0.28906553911205074 0.010492957746478874 0.3043572938689218 0.014856338028169014 0.31221987315010574 0.009329577464788732 0.32270401691331924 0.009329577464788732 0.33449894291754756 0.036964788732394366 0.365953488372093 0.0742 0.36071035940803386 0.07216338028169014 0.340615221987315 0.05616478873239437 0.30523044397463 0.04132816901408451 0.2934355179704017 0.03841971830985915 0.2746511627906977 0.03172957746478873 0.26722410147991543 0.019801408450704223 0.2685348837209302 0.008456338028169013 0.28207610993657506
1 0.056573239436619724 0.28613319238900636 0.056746478873239435 0.2951818181818182 0.0619830985915493 0.30566596194503176 0.058783098591549295 0.3087251585623678 0.07827323943661972 0.37119450317124736 0.08583661971830986 0.3790570824524313 0.09601830985915494 0.3746892177589852 0.14605211267605633 0.3668266384778012 0.13645211267605634 0.3375581395348837 0.10532676056338028 0.286446088794926 0.07885492957746479 0.2794566596194503 0.06489154929577465 0.26023467230443975 0.05180140845070423 0.2768350951374207 0.05732816901408451 0.29125158562367864
1 0.12060000000000001 0.30617970401691336 0.12918028169014084 0.2916871035940803 0.13703521126760565 0.2873192389006342 0.15536056338028167 0.286446088794926 0.1672887323943662 0.2921247357293869 0.1763056338028169 0.3095983086680761 0.17863380281690142 0.3261987315010571 0.16787042253521128 0.3379936575052854 0.1562338028169014 0.34716701902748415 0.15361549295774646 0.3611479915433404 0.14867042253521126 0.3655158562367865 0.1416887323943662 0.35066173361522196 0.12888873239436618 0.3296934460887949 0.11754366197183098 0.30523044397463
1 0.1787605633802817 0.3127991543340381 0.18428732394366196 0.30362367864693446 0.17905211267605634 0.2826553911205074 0.17003380281690142 0.2795983086680761 0.13978028169014084 0.2699873150105708 0.128143661971831 0.25469767441860464 0.11330845070422535 0.24552219873150108 0.09992676056338028 0.2446490486257928 0.04814647887323943 0.24115433403805497 0.038546478873239434 0.2415919661733615 0.027201408450704224 0.25076532769556026 0.02196619718309859 0.259938689217759 0.028656338028169016 0.2678033826638478 0.033019718309859156 0.2673657505285412 0.040292957746478876 0.28746088794926 0.05221971830985916 0.2996934460887949 0.06123661971830986 0.31061310782241014 0.06327323943661972 0.30449894291754753 0.059783098591549295 0.29182875264270614 0.05687323943661972 0.28658773784355185 0.06269154929577465 0.2761035940803383 0.07403661971830987 0.27348202959830864 0.08305492957746478 0.28221775898520085 0.09730845070422535 0.2826553911205074 0.11039859154929577 0.2905179704016913 0.11738028169014085 0.3027505285412262 0.12058028169014083 0.30580972515856236 0.1295985915492958 0.2883340380549683 0.14472535211267604 0.28615010570824523 0.16392394366197183 0.2883340380549683
1 0.17980281690140845 0.3241564482029598 0.17892957746478874 0.31367230443974625 0.18329295774647889 0.2983826638477801 0.18300281690140843 0.2931395348837209 0.19841971830985913 0.2804714587737844 0.21500140845070423 0.27916067653276955 0.23274647887323943 0.29008245243128966 0.24350985915492956 0.31236152219873153 0.24263661971830985 0.3263403805496829 0.24380000000000002 0.3446892177589852 0.2353647887323944 0.34993023255813954 0.22780140845070423 0.34993023255813954 0.21936478873239437 0.3608520084566596 0.2170380281690141 0.3639090909090909 0.20336478873239439 0.3420676532769556 0.19521971830985915 0.33464059196617335 0.18329295774647889 0.3298350951374207
1 0.29675352112676057 0.4062854122621565 0.23915492957746481 0.3486194503171247 0.22926478873239436 0.35036786469344605 0.21559154929577465 0.3608520084566596 0.21820985915492958 0.37352008456659624 0.2240281690140845 0.38575264270613113 0.2222830985915493 0.3923044397463002 0.23886338028169013 0.3879365750528541 0.2551549295774648 0.4119640591966174 0.2609718309859155 0.4211374207188161
1 0.2859957746478873 0.2681353065539112 0.26428169014084507 0.2850422832980972 0.24792957746478875 0.30436575052854126 0.2441760563380282 0.3108076109936575 0.24471267605633804 0.3385835095137421 0.2522183098591549 0.3325454545454546 0.2688394366197183 0.3337526427061311 0.2800985915492958 0.32731289640591965 0.2846549295774648 0.30557293868921775 0.3109267605633803 0.3027547568710359 0.31896760563380283 0.2955095137420719 0.31012253521126765 0.28141860465116275 0.293769014084507 0.2673298097251586
1 0.347143661971831 0.2843255813953488 0.33719718309859154 0.3003403805496829 0.3291549295774648 0.32127272727272727 0.32030845070422537 0.32690909090909087 0.31065774647887323 0.3377780126849894 0.30341971830985914 0.35589429175475684 0.29725492957746474 0.3836723044397463 0.335856338028169 0.37843763213530657 0.33880563380281686 0.34663636363636363 0.35730281690140847 0.34059619450317125 0.36534507042253517 0.29591120507399576 0.365612676056338 0.2910803382663848 0.3626633802816901 0.29188583509513744 0.3615915492957747 0.29067864693446094
1 0.3645183098591549 0.2848689217758985 0.3736549295774648 0.2773932346723044 0.38920281690140845 0.2850422832980972 0.38947042253521125 0.30356025369978856 0.39107887323943663 0.32087103594080335 0.39617183098591546 0.34260887949260044 0.3972450704225352 0.34824524312896404 0.3621281690140845 0.3462325581395349 0.3546211267605634 0.3401945031712474 0.3661492957746479 0.33133826638477804 0.36641690140845073 0.3188583509513742 0.3632 0.29953488372093023 0.3650760563380282 0.2898731501057083
1 0.4365521126760563 0.2778054968287526 0.4264704225352112 0.29352642706131077 0.41574788732394363 0.31123890063424947 0.41145774647887323 0.317276955602537 0.4020760563380282 0.31768076109936577 0.3916211267605634 0.3237188160676533 0.3951056338028169 0.34183298097251585 0.4042211267605634 0.33378224101479914 0.41735633802816896 0.341431289640592 0.43370845070422537 0.3217061310782241 0.44094647887323946 0.3116405919661734 0.4532774647887324 0.3023826638477801 0.4599788732394366 0.2903044397463002 0.4532774647887324 0.281046511627907 0.44550281690140847 0.27581183932346726
1 0.4217112676056338 0.33974630021141644 0.43431126760563377 0.33780761099365747 0.4420859154929577 0.31647145877378435 0.4627267605633803 0.3084207188160677 0.48658591549295777 0.2903044397463002 0.501061971830986 0.28305919661733614 0.5139281690140846 0.27863002114164903 0.5133929577464789 0.29835729386892174 0.4994535211267606 0.31526427061310786 0.49033802816901406 0.3490803382663848 0.39812253521126756 0.34384778012684986 0.4005352112676056 0.3374059196617336 0.40696901408450703 0.33579492600422833 0.41581549295774645 0.3422367864693446
1 0.5114802816901408 0.2756321353065539 0.5166098591549296 0.261723044397463 0.525187323943662 0.2564904862579281 0.5356422535211267 0.261723044397463 0.5404676056338028 0.281046511627907 0.5404676056338028 0.29352642706131077 0.542343661971831 0.317276955602537 0.552530985915493 0.3297568710359408 0.5546760563380282 0.3454566596194503 0.5503859154929578 0.3659873150105708 0.5351070422535211 0.3736363636363636 0.5200943661971831 0.37645454545454543 0.510443661971831 0.35391120507399576 0.5007929577464788 0.3531057082452431 0.4932873239436619 0.3458604651162791 0.490874647887324 0.341431289640592 0.4948957746478873 0.32291331923890065 0.5050830985915493 0.3108372093023256 0.5144647887323943 0.2951353065539112
1 0.5085154929577465 0.4297463002114165 0.5094070422535211 0.4510401691331924 0.5219676056338027 0.457061310782241 0.5241070422535211 0.46629175475687107 0.5513676056338028 0.4686997885835095 0.5588521126760564 0.47753065539112055 0.5722154929577465 0.4779323467230444 0.5890535211267606 0.4498350951374207 0.5807676056338028 0.4402029598308668 0.5842422535211268 0.4273594080338266 0.6066943661971831 0.41170613107822407 0.6179197183098591 0.4109027484143763 0.6283422535211267 0.39001691331923893 0.6264718309859155 0.3791797040169133 0.6099014084507042 0.3591120507399577 0.5882521126760564 0.3550972515856237 0.5633957746478874 0.36031501057082455 0.5337281690140845 0.37877801268498945 0.5190281690140844 0.39322832980972516 0.5174239436619718 0.41931712473572935 0.5104760563380282 0.4269429175475687
1 0.7315521126760564 0.41728752642706135 0.7355197183098592 0.4293509513742072 0.7339154929577465 0.44420295983086683 0.7178788732394367 0.4538350951374207 0.7149394366197184 0.45624312896405916 0.7058521126760563 0.4743044397463002 0.6956957746478873 0.48393868921775895 0.6000112676056337 0.4755095137420719 0.5943985915492959 0.46105919661733613 0.5850450704225352 0.4538350951374207 0.5858464788732395 0.44179281183932345 0.5992098591549296 0.4189154334038055 0.6184535211267606 0.41169133192389007 0.6352915492957747 0.40567019027484147 0.6598816901408451 0.4000507399577167 0.6764521126760563 0.398446088794926 0.6895478873239437 0.39804439746300213 0.7063859154929577 0.41369767441860467 0.7240267605633802 0.4161057082452432
1 0.5682070422535211 0.4651501057082452 0.5754225352112676 0.4567209302325581 0.5930633802816901 0.4555158562367865 0.6002788732394366 0.4623403805496829 0.6013478873239436 0.4787970401691332 0.6037535211267606 0.4924418604651163 0.6173845070422536 0.511306553911205 0.6320845070422535 0.5361923890063425 0.6347577464788733 0.561477801268499 0.6336887323943662 0.5791395348837209 0.6221957746478873 0.5843572938689218 0.6032197183098592 0.5899767441860466 0.5845098591549296 0.5984059196617336 0.5762253521126761 0.6044249471458774 0.5682070422535211 0.6072346723044397 0.5666028169014085 0.5851606765327696 0.5636633802816902 0.5518456659619451 0.5631281690140846 0.5305729386892177 0.5682070422535211 0.5153213530655392 0.5714140845070422 0.5101035940803382 0.5727507042253521 0.49645665961945035 0.5703450704225352 0.47277589852008456
1 0.4764492957746479 0.5418118393234672 0.4809929577464789 0.5149196617336151 0.4924859154929578 0.5040824524312897 0.5039788732394366 0.4968583509513742 0.5136000000000001 0.488830866807611 0.5253605633802817 0.48521775898520086 0.5360507042253522 0.48401479915433404 0.5446042253521126 0.48602114164904864 0.5539577464788732 0.4984630021141649 0.5630450704225353 0.5185327695560253 0.5662535211267606 0.5321797040169133 0.5630450704225353 0.5542536997885834 0.5568985915492958 0.5795412262156447 0.5456732394366197 0.591983086680761 0.5296366197183098 0.5988054968287527 0.5095915492957747 0.5976025369978858 0.49676197183098597 0.592384778012685 0.48847605633802815 0.5863636363636364 0.4823295774647887 0.5723150105708245 0.4764492957746479 0.5518456659619451
1 0.5651774647887324 0.4877124735729387 0.5523549295774648 0.47157082452431287 0.5336450704225352 0.4679598308668076 0.5074535211267606 0.46474841437632136 0.48981267605633805 0.46474841437632136 0.47591408450704226 0.4671564482029598 0.46442253521126764 0.4683615221987315 0.45346338028169014 0.4691627906976744 0.4443760563380282 0.4763890063424947 0.4368929577464789 0.4892325581395349 0.44918732394366195 0.4988646934460888 0.45506760563380283 0.5068921775898519 0.45720563380281687 0.5221437632135306 0.4686985915492958 0.5333826638477801 0.475112676056338 0.5410084566596194 0.48419999999999996 0.5229471458773784 0.48767464788732395 0.5084968287526427 0.4924859154929578 0.5044841437632136 0.5061169014084508 0.4960549682875264 0.5138676056338028 0.49204228329809724 0.5218859154929577 0.4868245243128964 0.5323098591549296 0.4856194503171248 0.5478112676056338 0.4856194503171248 0.5518197183098591 0.4884291754756871 0.560105633802817 0.49083720930232555
1 0.7568126760563381 0.5751247357293868 0.7586830985915493 0.5369957716701903 0.7586830985915493 0.5149196617336151 0.743181690140845 0.4952515856236786 0.7314225352112675 0.4916405919661733 0.7116436619718309 0.4904355179704017 0.6885746478873239 0.48080126849894295 0.6825112676056339 0.4896342494714588 0.6608619718309859 0.4864228329809725 0.6376084507042253 0.48280972515856235 0.6207704225352113 0.48040169133192384 0.6100802816901408 0.4783953488372093 0.6017943661971831 0.4763890063424947 0.6001901408450704 0.48401479915433404 0.6079422535211267 0.49645665961945035 0.6194338028169014 0.5161247357293869 0.6247802816901409 0.5261585623678646 0.6311943661971832 0.543014799154334 0.6373422535211267 0.560676532769556 0.6410830985915492 0.5666955602536998 0.6483 0.5670972515856237 0.668612676056338 0.5715137420718817 0.6846492957746478 0.5751247357293868 0.7057633802816902 0.578737843551797 0.7185929577464789 0.5819492600422833 0.733292957746479 0.5827505285412262 0.7453197183098592 0.5843572938689218 0.7552098591549296 0.5803424947145878 0.7589507042253522 0.5743234672304439
1 0.6961845070422535 0.4839196617336152 0.6960591549295775 0.4884270613107823 0.7048788732394367 0.4731754756871036 0.7281309859154929 0.471568710359408 0.7711619718309859 0.47758985200845666 0.7941478873239437 0.47879492600422835 0.8088478873239437 0.4848139534883721 0.8171338028169014 0.4924397463002114 0.8307647887323943 0.49966596194503177 0.8542845070422536 0.5129112050739958 0.8617676056338028 0.5197336152219874 0.8649746478873239 0.5293657505285412 0.8663112676056338 0.5482304439746299 0.8631042253521126 0.552646934460888 0.8540169014084507 0.5550549682875264 0.8427915492957746 0.5434143763213531 0.835574647887324 0.5329788583509514 0.8259535211267606 0.5269577167019027 0.8198056338028169 0.5265560253699789 0.8029676056338028 0.5285644820295983 0.7941478873239437 0.5317758985200846 0.7757056338028169 0.5321754756871035 0.759669014084507 0.5265560253699789 0.7521859154929578 0.5205369978858351 0.7481774647887324 0.5109027484143763 0.7436338028169014 0.5040803382663848 0.73053661971831 0.49805919661733616 0.7112929577464788 0.49444820295983083 0.7003352112676057 0.4912367864693446 0.6939197183098591 0.4884270613107823
1 0.7675239436619719 0.541615221987315 0.7704633802816901 0.5384038054968288 0.781956338028169 0.5372008456659619 0.787569014084507 0.5355940803382664 0.8017352112676056 0.5335877378435518 0.810287323943662 0.5243551797040169 0.8124253521126761 0.5215454545454545 0.8001309859154929 0.5259619450317125 0.8330056338028169 0.5207441860465116 0.8343422535211268 0.5215454545454545 0.8439633802816903 0.5388054968287527 0.8493098591549295 0.5604799154334039 0.849843661971831 0.5701120507399577 0.8471718309859154 0.5789429175475687 0.8281943661971831 0.5773361522198731 0.8145633802816902 0.5729217758985201 0.8105549295774648 0.5773361522198731 0.8046746478873239 0.5845623678646934 0.8011999999999999 0.5837589852008457 0.7918450704225353 0.5761331923890064 0.778481690140845 0.5741268498942917 0.7611098591549297 0.5693086680761099 0.7592380281690141 0.5677040169133193 0.7579014084507042 0.5544587737843553 0.7576352112676057 0.5468329809725159
1 0.732243661971831 0.5957991543340381 0.7381239436619718 0.5873720930232558 0.7466760563380281 0.582553911205074 0.760574647887324 0.5789429175475687 0.7717999999999999 0.5781395348837209 0.784361971830986 0.5789429175475687 0.7926478873239436 0.5801458773784355 0.7995971830985916 0.582553911205074 0.8089507042253521 0.5889767441860465 0.8062788732394366 0.5937928118393234 0.7958549295774648 0.6018202959830867 0.7915788732394365 0.6126575052854122 0.787569014084507 0.6279090909090909 0.7883704225352114 0.649583509513742 0.7897070422535212 0.6608224101479916 0.7787492957746479 0.6660401691331923 0.7608422535211268 0.6672431289640592 0.7530915492957747 0.6684482029598309 0.7488140845070422 0.667644820295983 0.7461422535211267 0.6584143763213531 0.744538028169014 0.6511902748414375 0.7429352112676056 0.6355348837209303 0.7391929577464789 0.623093023255814 0.7375887323943662 0.618276955602537 0.7349169014084508 0.6066363636363636 0.7303732394366198 0.5970042283298097 0.7279676056338028 0.5953995771670191
1 0.8134760563380281 0.5830570824524313 0.8175042253521126 0.5809492600422833 0.8289971830985915 0.5781395348837209 0.8380845070422535 0.5769365750528541 0.8455676056338027 0.5765348837209303 0.8608028169014084 0.5805475687103594 0.8696225352112676 0.5953995771670191 0.873630985915493 0.6082431289640592 0.8755028169014084 0.6339302325581395 0.8730971830985915 0.6523932346723045 0.8698887323943661 0.6620253699788583 0.8565253521126761 0.6724630021141649 0.8450323943661971 0.6784820295983087 0.835143661971831 0.6816934460887949 0.8233845070422534 0.685306553911205 0.8062788732394366 0.6841014799154334 0.7979929577464789 0.6764756871035941 0.7947859154929577 0.6696532769556025 0.7891732394366197 0.6592177589852009 0.7865 0.6455708245243129 0.7851633802816902 0.6379450317124735 0.7856985915492958 0.6194820295983087 0.787569014084507 0.6122558139534884 0.7899746478873239 0.6078414376321354 0.7993295774647887 0.5966025369978858 0.8076140845070422 0.5861670190274841
1 0.9388070422535211 0.6644355179704017 0.9452211267605634 0.6475771670190275 0.9454887323943663 0.6311205073995771 0.9457563380281689 0.6202832980972516 0.942549295774648 0.6074397463002115 0.938005633802817 0.5917864693446089 0.9339957746478872 0.5841606765327696 0.9262450704225352 0.5701120507399577 0.9217014084507043 0.5656976744186046 0.905130985915493 0.5604799154334039 0.8896281690140845 0.5681057082452431 0.8856197183098591 0.573323467230444 0.8770676056338028 0.5833572938689218 0.8741267605633802 0.6050317124735729 0.8749281690140844 0.6303171247357293 0.8778690140845071 0.654399577167019 0.8997845070422535 0.6736659619450317 0.909674647887324 0.6740676532769556 0.9267802816901408 0.672862579281184 0.9385394366197184 0.6700528541226216 0.9417464788732394 0.6648350951374207
1 0.9332943661971831 0.5781818181818182 0.9361338028169014 0.5697103594080338 0.9438845070422536 0.5620845665961944 0.9585845070422535 0.5580718816067654 0.9687422535211268 0.5536553911205074 0.9756901408450704 0.551247357293869 0.9960028169014085 0.5516490486257928 0.9985915492957746 0.559676532769556 0.9985915492957746 0.5757315010570825 0.9985915492957746 0.6090443974630021 0.9985915492957746 0.6291141649048626 0.9973394366197182 0.6391479915433403 0.9799676056338029 0.6379450317124735 0.9700774647887324 0.6391479915433403 0.9553774647887324 0.6383446088794926 0.9476267605633804 0.6246997885835095 0.9420140845070423 0.6066363636363636 0.9377380281690141 0.5937928118393234 0.9342633802816901 0.5853636363636364 0.9331943661971831 0.5821543340380549
1 0.9034352112676056 0.5567758985200846 0.9018309859154929 0.5431289640591965 0.9058408450704226 0.5254693446088795 0.9090478873239436 0.5150338266384777 0.9114535211267605 0.5025898520084566 0.9173338028169015 0.48452854122621564 0.922143661971831 0.4769027484143763 0.9336366197183098 0.4708816067653277 0.9405859154929578 0.4688752642706131 0.9494056338028168 0.4696786469344609 0.952612676056338 0.47168498942917547 0.9595619718309859 0.4769027484143763 0.9633042253521127 0.48292389006342495 0.970787323943662 0.4973720930232558 0.9726591549295774 0.5098160676532769 0.9729253521126762 0.5178435517970401 0.9731929577464788 0.5359048625792812 0.9734605633802818 0.5439323467230444 0.9729253521126762 0.5479450317124736
1 0.9296859154929578 0.4373319238900634 0.9381802816901408 0.4279323467230444 0.9443281690140845 0.41910359408033826 0.9534154929577464 0.4102727272727273 0.9592943661971831 0.40144186046511626 0.9630366197183098 0.3962241014799154 0.9713225352112677 0.39020295983086684 0.9766676056338027 0.3898033826638478 0.9836169014084508 0.3930126849894292 0.9894971830985916 0.39943551797040167 0.994574647887324 0.40746300211416486 0.9969802816901409 0.4195031712473573 0.9985915492957746 0.43555813953488376 0.9985915492957746 0.45081183932346724 0.9985915492957746 0.45803594080338267 0.9932380281690141 0.46766807610993655 0.9862901408450704 0.474492600422833 0.9782718309859154 0.48131501057082454 0.969718309859155 0.4841247357293869 0.9646408450704225 0.4833213530655391 0.9592943661971831 0.47730232558139535 0.9555535211267605 0.46887315010570824 0.9494056338028168 0.46806976744186046 0.9427239436619718 0.46887315010570824 0.9387154929577466 0.46927484143763215 0.9352408450704225 0.4624503171247357 0.9344380281690141 0.45361945031712475 0.9325676056338029 0.44760042283298096 0.9290929577464788 0.4419809725158562
1 0.879881690140845 0.4720021141649049 0.8820535211267606 0.4644566596194503 0.8828549295774648 0.4592389006342495 0.8852605633802817 0.44840169133192387 0.8922098591549297 0.4419809725158562 0.8975549295774649 0.43796617336152216 0.9010295774647887 0.43555813953488376 0.9093154929577465 0.43234883720930234 0.9170661971830986 0.4311437632135307 0.9210746478873238 0.43315010570824525 0.9269549295774648 0.43836786469344613 0.9282915492957746 0.44037420718816067 0.9323 0.4504101479915434 0.933369014084507 0.4556279069767442 0.9347056338028169 0.4648583509513742 0.9355070422535212 0.47087949260042283 0.9256183098591548 0.4769006342494715 0.9210746478873238 0.47850528541226217 0.9184028169014085 0.48051162790697677 0.9023661971830985 0.48051162790697677 0.8879338028169014 0.4809133192389006 0.8807169014084507 0.4797103594080338
1 0.9047845070422535 0.49800422832980973 0.9077112676056338 0.5140972515856237 0.9047718309859155 0.5209217758985201 0.9012971830985916 0.5341670190274841 0.8980901408450704 0.5462071881606765 0.8922098591549297 0.5518266384778013 0.8761732394366196 0.5522283298097251 0.8684225352112677 0.5474122621564482 0.8665507042253521 0.5309556025369979 0.8633436619718311 0.5225264270613108 0.855325352112676 0.5165052854122621 0.8443676056338028 0.512090909090909 0.8334098591549296 0.5052684989429175 0.823519718309859 0.4996490486257928 0.819243661971831 0.4948329809725159 0.8187098591549296 0.48600211416490485 0.8216492957746478 0.4703488372093023 0.8237873239436619 0.46352431289640594 0.8280633802816901 0.45589852008456655 0.8315380281690141 0.45108245243128964 0.833943661971831 0.4486744186046512 0.8390225352112677 0.45027906976744186 0.8446352112676057 0.4546955602536998 0.850781690140845 0.4579048625792812 0.8606718309859155 0.4623213530655391 0.868956338028169 0.4659323467230444 0.8812507042253521 0.4731585623678647 0.8879338028169014 0.47877801268498943 0.8948816901408451 0.4864038054968287 0.9050380281690141 0.49764059196617333
1 0.7753422535211268 0.3364186046511628 0.7824619718309859 0.33389006342494715 0.7882774647887324 0.33343128964059193 0.7940929577464789 0.3403255813953488 0.7947056338028169 0.3508964059196617 0.7925633802816902 0.36560465116279073 0.7888901408450704 0.38169133192389004 0.7879718309859155 0.3918033826638478 0.7867478873239436 0.3973192389006342 0.7806267605633803 0.40651162790697676 0.7754225352112676 0.4120274841437632 0.7708323943661972 0.4193826638477801 0.7680774647887324 0.4239788583509514 0.759812676056338 0.4235200845665962 0.7521619718309859 0.4175433403805497 0.7509366197183098 0.41248837209302325 0.7564464788732395 0.39594080338266385 0.760119718309859 0.389046511627907 0.7647098591549295 0.3798541226215645 0.770525352112676 0.3642262156448203 0.7723619718309859 0.35595348837209306 0.7732802816901408 0.3481395348837209 0.7751169014084507 0.340784355179704
1 0.7579830985915493 0.47352008456659617 0.760119718309859 0.4662642706131078 0.7625676056338028 0.45615433403805494 0.7644042253521126 0.4465010570824524 0.7683830985915493 0.43730866807610996 0.771443661971831 0.4258181818181818 0.771443661971831 0.41984143763213533 0.7821563380281691 0.4106490486257928 0.7873591549295774 0.40789217758985197 0.7962352112676057 0.40329598308668074 0.8020507042253522 0.40329598308668074 0.8100084507042253 0.4055940803382664 0.8176605633802817 0.41478646934460883 0.8222521126760564 0.42305919661733615 0.826230985915493 0.4327124735729387 0.8295971830985915 0.44236363636363635 0.8302098591549295 0.4510972515856237 0.825312676056338 0.4612093023255814 0.8210281690140845 0.478215644820296 0.8191915492957746 0.4878689217758985 0.8063366197183099 0.4841902748414376 0.7983788732394367 0.4795940803382664 0.7898084507042253 0.4800549682875264 0.7745042253521127 0.47775687103594083 0.7674647887323943 0.47591754756871035 0.7631802816901407 0.4754587737843552 0.7610380281690141 0.4736194503171247