0 0.6844609375 0.5003888888888889 0.60590234375 0.9992291666666667
0 0.33637109375 0.33124305555555555 0.22222265624999998 0.18872916666666664
0 0.34288281249999997 0.48436111111111113 0.224828125 0.18477083333333333
0 0.31315234375 0.6517430555555556 0.21484375 0.2232361111111111
0 0.5720468750000001 0.7561736111111111 0.32378515625 0.4876527777777778
0 0.10698828125 0.18929166666666666 0.1202265625 0.34
0 0.0985234375 0.49435416666666665 0.18402734375000002 0.4269791666666667
0 0.10872265625 0.49099305555555556 0.21744921874999998 0.27881944444444445
0 0.12543359375000002 0.803625 0.2430546875 0.39275
0 0.083984375 0.8820625000000001 0.16796875 0.19112500000000002
0 0.3400625 0.8920277777777778 0.200953125 0.20843055555555554
0 0.30425390625 0.8742291666666667 0.1631953125 0.25154166666666666
0 0.248265625 0.21283333333333335 0.1866328125 0.25282638888888886
0 0.20182421874999998 0.9344166666666667 0.09375 0.1311736111111111
0 0.404515625 0.16039583333333332 0.08246484375 0.12943749999999998
0 0.861328125 0.2128263888888889 0.27734375 0.29910416666666667
0 0.8884531250000001 0.06320833333333332 0.201390625 0.12640972222222221