13 0.6708860759493671 0.4572784810126582 0.07383966244725738 0.12025316455696203
13 0.6223628691983122 0.7389240506329114 0.13291139240506328 0.10759493670886076
13 0.5369198312236287 0.6012658227848101 0.09282700421940929 0.10126582278481013
13 0.40822784810126583 0.7927215189873418 0.10548523206751055 0.12341772151898735
13 0.5537974683544303 0.4098101265822785 0.0949367088607595 0.07911392405063292
13 0.29535864978902954 0.39082278481012656 0.08227848101265822 0.08860759493670886
13 0.2858649789029536 0.7357594936708861 0.15822784810126583 0.06962025316455696
13 0.7890295358649789 0.7610759493670886 0.15822784810126583 0.11075949367088607
13 0.8818565400843882 0.2626582278481013 0.046413502109704644 0.11392405063291139
13 0.26476793248945146 0.15031645569620253 0.10337552742616034 0.06962025316455696
13 0.08016877637130802 0.3686708860759494 0.10759493670886076 0.09177215189873418
13 0.32489451476793246 0.5142405063291139 0.08016877637130802 0.10126582278481013
13 0.35548523206751054 0.5664556962025317 0.004219409282700422 0.0031645569620253164
13 0.1350210970464135 0.5395569620253164 0.06751054852320675 0.11075949367088607
13 0.33122362869198313 0.28322784810126583 0.09915611814345991 0.10443037974683544
13 0.4704641350210971 0.310126582278481 0.0949367088607595 0.10759493670886076
13 0.7067510548523207 0.5775316455696202 0.12236286919831224 0.0949367088607595
13 0.5938818565400844 0.4525316455696203 0.08227848101265822 0.04430379746835443
13 0.5864978902953587 0.31962025316455694 0.03164556962025317 0.0031645569620253164
13 0.740506329113924 0.24050632911392406 0.08227848101265822 0.04430379746835443
13 0.7436708860759493 0.40664556962025317 0.09282700421940929 0.05063291139240506
13 0.7426160337552743 0.2911392405063291 0.012658227848101266 0.00949367088607595
13 0.9451476793248945 0.5680379746835443 0.056962025316455694 0.0981012658227848
13 0.0981012658227848 0.7943037974683544 0.0949367088607595 0.10759493670886076
13 0.11181434599156118 0.5870253164556962 0.11814345991561181 0.08860759493670886
13 0.11708860759493671 0.3322784810126582 0.08860759493670886 0.07278481012658228
13 0.1940928270042194 0.22784810126582278 0.06751054852320675 0.09177215189873418
13 0.03270042194092827 0.7784810126582279 0.05907172995780591 0.09177215189873418
13 0.6413502109704642 0.930379746835443 0.14345991561181434 0.060126582278481014
13 0.8027426160337553 0.9477848101265823 0.1729957805907173 0.07278481012658228
13 0.9757383966244726 0.8591772151898734 0.04852320675105485 0.0759493670886076
13 0.8850210970464135 0.8370253164556962 0.09282700421940929 0.06329113924050633
13 0.929324894514768 0.745253164556962 0.10337552742616034 0.06645569620253164
13 0.9535864978902954 0.6218354430379747 0.09282700421940929 0.0759493670886076
13 0.8048523206751055 0.31329113924050633 0.04430379746835443 0.04746835443037975
13 0.0023488716352980266 0.0017106733935530647 0.00015944466263187733 0.0002492371831666719
13 0.6656118143459916 0.3275316455696203 0.06751054852320675 0.06645569620253164