4 0.3681434599156118 0.25157728706624605 0.6223628691983122 0.19873817034700317
4 0.6413502109704642 0.3777602523659306 0.21729957805907174 0.04889589905362776
4 0.4472573839662447 0.4069400630914827 0.22784810126582278 0.07255520504731862
4 0.22573839662447256 0.3998422712933754 0.23628691983122363 0.08675078864353312
4 0.05379746835443038 0.24290220820189273 0.10759493670886076 0.2634069400630915
4 0.06329113924050633 0.4148264984227129 0.12658227848101267 0.10410094637223975
4 0.1729957805907173 0.4921135646687697 0.28270042194092826 0.07886435331230283
4 0.7478902953586498 0.5733438485804416 0.4451476793248945 0.1277602523659306
4 0.7584388185654009 0.7003154574132492 0.3987341772151899 0.17981072555205047
4 0.43776371308016876 0.45425867507886436 0.25738396624472576 0.07570977917981073
4 0.4419831223628692 0.5110410094637224 0.26582278481012656 0.0694006309148265
4 0.6424050632911392 0.42665615141955837 0.22573839662447256 0.07255520504731862
4 0.6845991561181435 0.4944794952681388 0.29957805907172996 0.08201892744479496