2 0.5666666666666667 0.765 0.3626666666666667 0.26
2 0.19066666666666668 0.387 0.31333333333333335 0.18
2 0.2866666666666667 0.525 0.30266666666666664 0.228
2 0.394 0.717 0.36933333333333335 0.224
2 0.54 0.861 0.332 0.262
2 0.702 0.562 0.26266666666666666 0.258
2 0.7066666666666667 0.235 0.11866666666666667 0.356
2 0.946 0.499 0.108 0.464
2 0.934 0.453 0.11866666666666667 0.406
2 0.878 0.679 0.23866666666666667 0.286
2 0.43133333333333335 0.266 0.144 0.222
2 0.35533333333333333 0.073 0.10666666666666667 0.134