10 0.06166666666666667 0.451 0.1 0.30036
10 0.13333333333333333 0.33732 0.07 0.11798
10 0.15722666666666668 0.1428 0.07777333333333333 0.10394
10 0.2630533333333333 0.30524 0.15944 0.15882
10 0.1988933333333333 0.46477999999999997 0.16777333333333333 0.13290000000000002
10 0.21417333333333333 0.49683999999999995 0.18833333333333332 0.19202000000000002
10 0.20722666666666664 0.59682 0.15110666666666667 0.102
10 0.11861333333333332 0.70804 0.16389333333333334 0.1794
10 0.195 0.82176 0.32666666666666666 0.10186
10 0.15528 0.9116599999999999 0.07722666666666667 0.17665999999999998
10 0.2461066666666667 0.90338 0.21555999999999997 0.1851
10 0.32472 0.66264 0.26277333333333336 0.1636
10 0.3383333333333333 0.73802 0.12666666666666668 0.1394
10 0.41056000000000004 0.7596799999999999 0.11110666666666666 0.19269999999999998
10 0.4036133333333333 0.9254199999999999 0.14722666666666667 0.14916
10 0.5366666666666666 0.8146599999999999 0.16333333333333333 0.21266
10 0.29861333333333334 0.52226 0.05722666666666667 0.14786000000000002
10 0.35556000000000004 0.48856 0.12556 0.09454000000000001
10 0.31444 0.1153 0.07222666666666668 0.20892
10 0.34028 0.24694 0.07389333333333334 0.1222
10 0.4111066666666666 0.28566 0.10556 0.17466
10 0.3975066666666667 0.44395999999999997 0.08166666666666667 0.13124
10 0.475 0.50392 0.16 0.23118
10 0.46972 0.33732 0.07277333333333333 0.18796000000000002
10 0.44584 0.2186 0.09166666666666666 0.14554
10 0.40943999999999997 0.1182 0.08889333333333334 0.21975999999999998
10 0.49166666666666664 0.08916 0.10666666666666667 0.17834
10 0.53 0.31063999999999997 0.07666666666666666 0.22463999999999998
10 0.52944 0.44895999999999997 0.06889333333333333 0.15124
10 0.5063866666666667 0.64638 0.07277333333333333 0.1561
10 0.6152799999999999 0.67138 0.10389333333333334 0.1061
10 0.6038933333333334 0.80298 0.19110666666666667 0.35928
10 0.7616666666666667 0.67306 0.10666666666666667 0.08943999999999999
10 0.7688933333333333 0.8541599999999999 0.16777333333333333 0.29166000000000003
10 0.8838933333333333 0.90718 0.20222666666666664 0.15230000000000002
10 0.8694400000000001 0.64306 0.09556 0.16944
10 0.5963866666666667 0.5126799999999999 0.07277333333333333 0.21368
10 0.61444 0.3748 0.07222666666666668 0.22291999999999998
10 0.5911066666666667 0.22652 0.07222666666666668 0.15638
10 0.65056 0.13238 0.09110666666666667 0.1181
10 0.6772266666666666 0.20068 0.05110666666666666 0.2147
10 0.75472 0.09156 0.2361066666666667 0.15646000000000002
10 0.9005599999999999 0.15194 0.09110666666666667 0.21224
10 0.72528 0.23774 0.07056 0.3538
10 0.7386133333333333 0.44812 0.23722666666666664 0.13958
10 0.8222266666666667 0.30442 0.09444 0.08718000000000001
10 0.8688933333333333 0.3911 0.09889333333333333 0.10948000000000001
10 0.69584 0.5564199999999999 0.07833333333333334 0.13618
10 0.7536133333333334 0.5239199999999999 0.08722666666666667 0.1412
10 0.81444 0.52018 0.06556000000000001 0.1187
10 0.8955599999999999 0.5564199999999999 0.08110666666666666 0.10618000000000001
10 0.9116666666666666 0.75302 0.10666666666666667 0.11938