2 0.287109375 0.22743055555555555 0.109375 0.12152777777777778
2 0.6943359375 0.8654513888888888 0.146484375 0.2690972222222222
2 0.7548828125 0.6510416666666666 0.1494140625 0.1875
2 0.85595703125 0.7447916666666666 0.1591796875 0.10416666666666667
2 0.8427734375 0.8654513888888888 0.216796875 0.1892361111111111
2 0.97802734375 0.6571180555555556 0.0439453125 0.6059027777777778
2 0.32080078125 0.9418402777777778 0.0966796875 0.11631944444444445
2 0.4921875 0.8229166666666666 0.1474609375 0.22569444444444445
2 0.5380859375 0.6692708333333334 0.15234375 0.22395833333333334
2 0.6435546875 0.6215277777777778 0.1025390625 0.2170138888888889
2 0.26220703125 0.8185763888888888 0.15234375 0.1736111111111111
2 0.10205078125 0.5364583333333334 0.115234375 0.16319444444444445
2 0.17041015625 0.7065972222222222 0.1005859375 0.16145833333333334
2 0.28466796875 0.5572916666666666 0.119140625 0.1736111111111111
2 0.55419921875 0.3967013888888889 0.0966796875 0.1527777777777778
2 0.72314453125 0.4097222222222222 0.0908203125 0.18229166666666666
2 0.8642578125 0.4982638888888889 0.119140625 0.203125
2 0.52294921875 0.5269097222222222 0.1337890625 0.16493055555555555
2 0.392578125 0.4878472222222222 0.14453125 0.1545138888888889
2 0.36572265625 0.7543402777777778 0.1357421875 0.1440972222222222
2 0.21923828125 0.3802083333333333 0.119140625 0.12152777777777778
2 0.267578125 0.4435763888888889 0.1279296875 0.1875
2 0.083984375 0.3776041666666667 0.126953125 0.1267361111111111
2 0.4248046875 0.2734375 0.123046875 0.125
2 0.4150390625 0.3967013888888889 0.1552734375 0.10416666666666667
2 0.1181640625 0.8819444444444444 0.150390625 0.17881944444444445
2 0.65283203125 0.4409722222222222 0.0771484375 0.19270833333333334
2 0.71142578125 0.2795138888888889 0.0966796875 0.16145833333333334
2 0.8505859375 0.3428819444444444 0.1279296875 0.1267361111111111
2 0.06689453125 0.703125 0.1337890625 0.203125
2 0.61572265625 0.2664930555555556 0.1474609375 0.171875
2 0.529296875 0.2465277777777778 0.1142578125 0.14756944444444445
2 0.3955078125 0.6302083333333334 0.1162109375 0.13194444444444445
2 0.57275390625 0.890625 0.072265625 0.1996527777777778
2 0.9169921875 0.6067708333333334 0.1083984375 0.08333333333333333