5 0.74 0.5746268656716418 0.3418181818181818 0.14925373134328357
5 0.3054545454545455 0.3119402985074627 0.3090909090909091 0.15223880597014924
5 0.4727272727272727 0.8805970149253731 0.3890909090909091 0.12238805970149254
5 0.7363636363636363 0.7029850746268657 0.3381818181818182 0.11044776119402985
5 0.78 0.8985074626865671 0.15272727272727274 0.16417910447761194
5 0.15454545454545454 0.4626865671641791 0.12727272727272726 0.1044776119402985
5 0.38727272727272727 0.5328358208955224 0.3018181818181818 0.25671641791044775
5 0.6709090909090909 0.2955223880597015 0.29818181818181816 0.15223880597014924
5 0.7727272727272727 0.34776119402985073 0.09090909090909091 0.041791044776119404
5 0.1618181818181818 0.7820895522388059 0.13818181818181818 0.21492537313432836
5 0.20909090909090908 0.8582089552238806 0.05090909090909091 0.05373134328358209