8 0.14240506329113925 0.2585227272727273 0.2552742616033755 0.5170454545454546
8 0.24472573839662448 0.13636363636363635 0.06329113924050633 0.15056818181818182
8 0.20464135021097046 0.05113636363636364 0.05907172995780591 0.05965909090909091
8 0.3069620253164557 0.26704545454545453 0.04008438818565401 0.24147727272727273
8 0.3280590717299578 0.4502840909090909 0.04430379746835443 0.06818181818181818
8 0.3649789029535865 0.359375 0.052742616033755275 0.1875
8 0.30063291139240506 0.6534090909090909 0.06751054852320675 0.08238636363636363
8 0.16139240506329114 0.5710227272727273 0.08227848101265822 0.14204545454545456
8 0.07172995780590717 0.5454545454545454 0.0970464135021097 0.12215909090909091
8 0.49683544303797467 0.05113636363636364 0.21308016877637131 0.03409090909090909
8 0.5084388185654009 0.10227272727272728 0.22573839662447256 0.056818181818181816
8 0.5242616033755274 0.14914772727272727 0.19831223628691982 0.03125
8 0.3987341772151899 0.019886363636363636 0.22573839662447256 0.03409090909090909
8 0.5179324894514767 0.2571022727272727 0.17088607594936708 0.03977272727272727
8 0.5010548523206751 0.28125 0.20042194092827004 0.06534090909090909
8 0.49050632911392406 0.3309659090909091 0.22362869198312235 0.03409090909090909
8 0.48523206751054854 0.16477272727272727 0.2679324894514768 0.13636363636363635
8 0.48417721518987344 0.3721590909090909 0.21940928270042195 0.03977272727272727
8 0.48417721518987344 0.4247159090909091 0.22573839662447256 0.048295454545454544
8 0.5010548523206751 0.4872159090909091 0.189873417721519 0.045454545454545456
8 0.04113924050632911 0.6803977272727273 0.08227848101265822 0.13352272727272727
8 0.5981012658227848 0.8110795454545454 0.035864978902953586 0.22443181818181818
8 0.630801687763713 0.8451704545454546 0.04008438818565401 0.20454545454545456
8 0.6835443037974683 0.7116477272727273 0.027426160337552744 0.4403409090909091
8 0.5812236286919831 0.6036931818181818 0.046413502109704644 0.03409090909090909
8 0.5907172995780591 0.7002840909090909 0.06329113924050633 0.03409090909090909
8 0.5907172995780591 0.6647727272727273 0.06751054852320675 0.048295454545454544
8 0.5738396624472574 0.6321022727272727 0.07805907172995781 0.03977272727272727
8 0.39662447257383965 0.5639204545454546 0.04430379746835443 0.056818181818181816
8 0.6888185654008439 0.1377840909090909 0.16244725738396623 0.17897727272727273
8 0.7742616033755274 0.16051136363636365 0.08438818565400844 0.09090909090909091
8 0.7932489451476793 0.5099431818181818 0.05485232067510549 0.23863636363636365
8 0.7584388185654009 0.5454545454545454 0.06329113924050633 0.17613636363636365
8 0.7267932489451476 0.796875 0.046413502109704644 0.26420454545454547
8 0.7204641350210971 0.9616477272727273 0.09282700421940929 0.03977272727272727
8 0.5886075949367089 0.9616477272727273 0.08438818565400844 0.056818181818181816
8 0.8966244725738397 0.578125 0.1160337552742616 0.15625
8 0.939873417721519 0.421875 0.10548523206751055 0.1903409090909091
8 0.6044303797468354 0.4161931818181818 0.023206751054852322 0.2869318181818182
8 0.6318565400843882 0.3721590909090909 0.03164556962025317 0.10511363636363637
8 0.6497890295358649 0.578125 0.04430379746835443 0.24147727272727273
8 0.3491561181434599 0.7627840909090909 0.05907172995780591 0.08238636363636363
8 0.4229957805907173 0.671875 0.12869198312236288 0.13068181818181818
8 0.20780590717299577 0.8579545454545454 0.3881856540084388 0.1875
8 0.6708860759493671 0.3721590909090909 0.04852320675105485 0.15056818181818182
8 0.859704641350211 0.21875 0.04852320675105485 0.10795454545454546
8 0.8734177215189873 0.1534090909090909 0.04852320675105485 0.06534090909090909
8 0.9156118143459916 0.16193181818181818 0.03164556962025317 0.06534090909090909
8 0.9567510548523207 0.15056818181818182 0.05485232067510549 0.08522727272727272
8 0.9061181434599156 0.08806818181818182 0.1540084388185654 0.0625
8 0.8154008438818565 0.09801136363636363 0.052742616033755275 0.06534090909090909
8 0.8533755274261603 0.03977272727272727 0.052742616033755275 0.07102272727272728
8 0.8987341772151899 0.045454545454545456 0.04008438818565401 0.0625
8 0.9588607594936709 0.03835227272727273 0.06329113924050633 0.07670454545454546
8 0.7658227848101266 0.03551136363636364 0.1518987341772152 0.06534090909090909
8 0.9050632911392406 0.84375 0.15611814345991562 0.3125
8 0.7753164556962026 0.7755681818181818 0.04219409282700422 0.06534090909090909
8 0.9704641350210971 0.6363636363636364 0.04852320675105485 0.07386363636363637
8 0.8428270042194093 0.4502840909090909 0.04430379746835443 0.06818181818181818
8 0.859704641350211 0.375 0.05063291139240506 0.07386363636363637
8 0.7805907172995781 0.34517045454545453 0.05485232067510549 0.07386363636363637
8 0.8164556962025317 0.3693181818181818 0.027426160337552744 0.11647727272727272
8 0.7151898734177216 0.35511363636363635 0.052742616033755275 0.16477272727272727
8 0.7468354430379747 0.2897727272727273 0.046413502109704644 0.09375
8 0.6666666666666666 0.26988636363636365 0.10126582278481013 0.05397727272727273
8 0.9609704641350211 0.22869318181818182 0.06329113924050633 0.08806818181818182
8 0.9746835443037974 0.2897727272727273 0.05063291139240506 0.056818181818181816
8 0.9367088607594937 0.28267045454545453 0.04430379746835443 0.05965909090909091
8 0.9103375527426161 0.22017045454545456 0.04008438818565401 0.048295454545454544
8 0.8164556962025317 0.26704545454545453 0.04008438818565401 0.05965909090909091
8 0.7869198312236287 0.23579545454545456 0.04008438818565401 0.06818181818181818
8 0.14451476793248946 0.7329545454545454 0.05485232067510549 0.04261363636363636
8 0.029535864978902954 0.5866477272727273 0.05485232067510549 0.07954545454545454
8 0.25316455696202533 0.7315340909090909 0.08438818565400844 0.05397727272727273
8 0.709915611814346 0.5866477272727273 0.05485232067510549 0.1278409090909091
8 0.7046413502109705 0.48863636363636365 0.0759493670886076 0.07670454545454546
8 0.8649789029535865 0.30823863636363635 0.06962025316455696 0.06818181818181818
8 0.5021097046413502 0.8963068181818182 0.14767932489451477 0.1846590909090909
8 0.5432489451476793 0.75 0.09915611814345991 0.20170454545454544
8 0.7879746835443038 0.9147727272727273 0.06540084388185655 0.17045454545454544
8 0.8090717299578059 0.7585227272727273 0.09071729957805907 0.20454545454545456
8 0.9778481012658228 0.5710227272727273 0.04430379746835443 0.09090909090909091
8 0.8217299578059072 0.5738636363636364 0.06751054852320675 0.13068181818181818
8 0.33755274261603374 0.5596590909090909 0.10126582278481013 0.1278409090909091
8 0.27742616033755274 0.9417613636363636 0.056962025316455694 0.05397727272727273