8 0.13303769401330376 0.09416666666666666 0.22394678492239467 0.16
8 0.3093126385809313 0.11333333333333333 0.15299334811529933 0.20333333333333334
8 0.40465631929046564 0.0675 0.06208425720620843 0.12333333333333334
8 0.5033259423503326 0.11 0.16186252771618626 0.20333333333333334
8 0.1419068736141907 0.30583333333333335 0.16851441241685144 0.19666666666666666
8 0.229490022172949 0.39416666666666667 0.06208425720620843 0.075
8 0.3370288248337029 0.31333333333333335 0.19290465631929046 0.165
8 0.5199556541019955 0.24 0.164079822616408 0.045
8 0.4700665188470067 0.31666666666666665 0.05321507760532151 0.14
8 0.5188470066518847 0.31333333333333335 0.05321507760532151 0.13
8 0.5665188470066519 0.3175 0.05321507760532151 0.13666666666666666
8 0.6042128603104213 0.4 0.0598669623059867 0.07833333333333334
8 0.4279379157427938 0.4 0.05321507760532151 0.051666666666666666
8 0.697339246119734 0.0575 0.17960088691796008 0.056666666666666664
8 0.6951219512195121 0.105 0.1951219512195122 0.041666666666666664
8 0.6951219512195121 0.14333333333333334 0.2106430155210643 0.055
8 0.7028824833702882 0.17583333333333334 0.2017738359201774 0.03666666666666667
8 0.88470066518847 0.11333333333333333 0.2039911308203991 0.2
8 0.7860310421286031 0.25416666666666665 0.08647450110864745 0.10833333333333334
8 0.6829268292682927 0.2991666666666667 0.16186252771618626 0.19
8 0.07649667405764966 0.45916666666666667 0.10199556541019955 0.13666666666666666
8 0.12416851441241686 0.4666666666666667 0.06430155210643015 0.13333333333333333
8 0.17849223946784923 0.4625 0.07095343680709534 0.13
8 0.13303769401330376 0.5383333333333333 0.1662971175166297 0.065
8 0.08647450110864745 0.6 0.057649667405764965 0.06666666666666667
8 0.15964523281596452 0.5941666666666666 0.07760532150776053 0.06666666666666667
8 0.22394678492239467 0.6183333333333333 0.07760532150776053 0.11166666666666666
8 0.32483370288248337 0.47583333333333333 0.17960088691796008 0.19333333333333333
8 0.4611973392461197 0.5891666666666666 0.17738359201773837 0.07333333333333333
8 0.3325942350332594 0.7041666666666667 0.17960088691796008 0.18
8 0.1286031042128603 0.7075 0.18625277161862527 0.165
8 0.1973392461197339 0.8 0.17960088691796008 0.051666666666666666
8 0.13303769401330376 0.8966666666666666 0.20842572062084258 0.19333333333333333
8 0.3425720620842572 0.8466666666666667 0.17960088691796008 0.06333333333333334
8 0.3270509977827051 0.8825 0.2017738359201774 0.055
8 0.3370288248337029 0.9233333333333333 0.1973392461197339 0.058333333333333334
8 0.33370288248337027 0.9541666666666667 0.19290465631929046 0.04833333333333333
8 0.5177383592017738 0.8875 0.14855875831485588 0.20166666666666666
8 0.6119733924611973 0.8008333333333333 0.07982261640798226 0.07666666666666666
8 0.5221729490022173 0.7075 0.188470066518847 0.17666666666666667
8 0.6075388026607539 0.5991666666666666 0.057649667405764965 0.1
8 0.5155210643015521 0.4866666666666667 0.19068736141906872 0.18833333333333332
8 0.6773835920177383 0.48833333333333334 0.16851441241685144 0.18833333333333332
8 0.7882483370288248 0.5066666666666667 0.06873614190687362 0.12333333333333334
8 0.7860310421286031 0.5841666666666666 0.07095343680709534 0.058333333333333334
8 0.6851441241685144 0.6875 0.16851441241685144 0.20166666666666666
8 0.6851441241685144 0.8891666666666667 0.1951219512195122 0.19333333333333333
8 0.9368070953436807 0.7675 0.057649667405764965 0.065
8 0.8946784922394678 0.8941666666666667 0.188470066518847 0.19166666666666668
8 0.8348115299334812 0.7825 0.1662971175166297 0.06666666666666667
8 0.876940133037694 0.7283333333333334 0.18181818181818182 0.045
8 0.8791574279379157 0.6891666666666667 0.1973392461197339 0.05333333333333334
8 0.8725055432372506 0.6533333333333333 0.20620842572062084 0.04
8 0.8702882483370288 0.6266666666666667 0.21729490022172948 0.04833333333333333
8 0.893569844789357 0.485 0.15964523281596452 0.19
8 0.7882483370288248 0.38333333333333336 0.07760532150776053 0.14
8 0.8968957871396895 0.31083333333333335 0.16186252771618626 0.18166666666666667