7 0.39345991561181437 0.7916666666666666 0.3628691983122363 0.2905405405405405
7 0.2088607594936709 0.7432432432432432 0.4177215189873418 0.19594594594594594
7 0.8016877637130801 0.7747747747747747 0.39662447257383965 0.18018018018018017
7 0.14240506329113925 0.4380630630630631 0.270042194092827 0.39864864864864863
7 0.1729957805907173 0.18243243243243243 0.3459915611814346 0.12612612612612611
7 0.35864978902953587 0.33783783783783783 0.21940928270042195 0.29504504504504503
7 0.49683544303797467 0.2905405405405405 0.25738396624472576 0.16216216216216217
7 0.002243144889211793 0.001520725401474143 0.0005851039876507058 0.0005917682388270799
7 0.9219409282700421 0.5315315315315315 0.15611814345991562 0.3063063063063063
7 0.5748945147679325 0.588963963963964 0.20253164556962025 0.21396396396396397
7 0.6708860759493671 0.26126126126126126 0.24050632911392406 0.240990990990991
7 0.9092827004219409 0.26914414414414417 0.18143459915611815 0.22522522522522523
7 0.8059071729957806 0.38963963963963966 0.22573839662447256 0.1891891891891892
7 0.820675105485232 0.14977477477477477 0.2974683544303797 0.2927927927927928
7 0.5242616033755274 0.5202702702702703 0.3333333333333333 0.14414414414414414
7 0.7109704641350211 0.9335585585585585 0.1940928270042194 0.12837837837837837
7 0.5559071729957806 0.9155405405405406 0.24050632911392406 0.16891891891891891
7 0.24578059071729957 0.9346846846846847 0.37763713080168776 0.13063063063063063