8 0.26582278481012656 0.5330520393811533 0.2911392405063291 0.2587904360056259
8 0.35548523206751054 0.4085794655414909 0.25316455696202533 0.17862165963431786
8 0.6371308016877637 0.42616033755274263 0.17932489451476794 0.15049226441631505
8 0.45042194092827004 0.7088607594936709 0.29324894514767935 0.24050632911392406
8 0.5210970464135021 0.8635724331926864 0.34177215189873417 0.26019690576652604
8 0.619198312236287 0.2960618846694796 0.19198312236286919 0.12517580872011252
8 0.7637130801687764 0.6315049226441631 0.24472573839662448 0.15330520393811534
8 0.14978902953586498 0.8558368495077355 0.1877637130801688 0.1940928270042194
8 0.11075949367088607 0.43741209563994377 0.22151898734177214 0.21518987341772153
8 0.30168776371308015 0.1420534458509142 0.2088607594936709 0.14767932489451477
8 0.5189873417721519 0.21448663853727146 0.1729957805907173 0.10407876230661041
8 0.10548523206751055 0.1518987341772152 0.1877637130801688 0.2250351617440225
8 0.7415611814345991 0.8677918424753868 0.16455696202531644 0.1350210970464135
8 0.06434599156118144 0.7327707454289732 0.12869198312236288 0.1518987341772152
8 0.6350210970464135 0.11462728551336146 0.20675105485232068 0.12376933895921238
8 0.8776371308016878 0.1540084388185654 0.1962025316455696 0.1279887482419128
8 0.8069620253164557 0.3558368495077356 0.13291139240506328 0.17440225035161744
8 0.9071729957805907 0.47538677918424754 0.13291139240506328 0.13924050632911392
8 0.370253164556962 0.057665260196905765 0.2109704641350211 0.11533052039381153
8 0.25 0.8804500703234881 0.22362869198312235 0.180028129395218
8 0.18248945147679324 0.7172995780590717 0.29957805907172996 0.2672292545710267
8 0.5516877637130801 0.5042194092827004 0.22151898734177214 0.1209563994374121