0 0.188720703125 0.05069410944559488 0.295654296875 0.09352902331984186
0 0.234375 0.15166868646460843 0.441162109375 0.2969029438064759
0 0.1622314453125 0.6923445736069277 0.298828125 0.4757800734186747
0 0.890625 0.07909751800169428 0.20654296875 0.15084140272025603
0 0.5725 0.718774334244814 0.47166666666666673 0.5623813388622807
0 0.619140625 0.4165833254894578 0.37890625 0.4051851939006024
0 0.90087890625 0.5893937076430723 0.1883544921875 0.26013477739081325
0 0.285400390625 0.5007824265813253 0.3369140625 0.2222635659826807
0 0.861328125 0.2913877188441265 0.26025390625 0.2941453313253012
0 0.268888905843099 0.948460507105632 0.2211111450195313 0.103078985788736
0 0.058135986328125 0.5540962678840361 0.1131591796875 0.21178463855421686
0 0.174072265625 0.3397378576807229 0.218017578125 0.19395207784262047
0 0.085693359375 0.3198830478162651 0.05987548828125 0.06530945559582078