10 0.5815375 0.1467111111111111 0.218625 0.21051111111111112
10 0.72705 0.4040888888888889 0.24072500000000002 0.1746888888888889
10 0.1476875 0.8317333333333333 0.2870375 0.3186222222222222
10 0.37963749999999996 0.8081555555555556 0.21337499999999998 0.28971111111111114
10 0.9523375000000001 0.7864666666666668 0.09533749999999999 0.40691111111111117
10 0.540525 0.8606222222222222 0.084475 0.27875555555555553
10 0.08373749999999999 0.3506888888888889 0.1589375 0.1066
10 0.8925749999999999 0.25955555555555554 0.09686249999999999 0.21635555555555555
10 0.3881875 0.5256000000000001 0.11615 0.13313333333333333
10 0.9381999999999999 0.3884444444444445 0.12359999999999999 0.12359999999999999
10 0.9252875 0.5295111111111112 0.13317500000000002 0.1622222222222222
10 0.305175 0.11648888888888889 0.1543 0.23295555555555555
10 0.48119999999999996 0.2688888888888889 0.301275 0.17806666666666665
10 0.7309625 0.27084444444444444 0.2451125 0.12142222222222222
10 0.47729999999999995 0.39584444444444444 0.284175 0.14626666666666666
10 0.21716249999999998 0.6423555555555556 0.069025 0.10388888888888889
10 0.7036125 0.7803777777777778 0.2432875 0.18055555555555555
10 0.5610375 0.6206666666666667 0.37085 0.2089777777777778
10 0.8100624999999999 0.35373333333333334 0.0805 0.08766666666666667
10 0.40698749999999995 0.06862222222222222 0.1326875 0.13726666666666668
10 0.801275 0.0784 0.1127875 0.11348888888888889
10 0.624025 0.04777777777777778 0.17748750000000002 0.09557777777777778
10 0.33301250000000004 0.6362888888888889 0.20495000000000002 0.19368888888888888
10 0.8339875000000001 0.7109333333333334 0.17614999999999997 0.22048888888888887
10 0.280025 0.29471111111111115 0.09997500000000001 0.18413333333333334
10 0.0827 0.6814222222222222 0.145875 0.22395555555555555
10 0.16870000000000002 0.38195555555555555 0.1159625 0.23046666666666665
10 0.0679875 0.4809111111111111 0.1359875 0.15646666666666667
10 0.41455 0.17686666666666667 0.19103750000000003 0.10524444444444445
10 0.6914125 0.5277777777777778 0.16588750000000002 0.21006666666666668
10 0.2067875 0.7126666666666667 0.1181625 0.2285111111111111
10 0.5288125 0.49262222222222224 0.17725000000000002 0.15451111111111113
10 0.2622125 0.4264222222222222 0.1705375 0.227
10 0.5224625 0.05151111111111111 0.09912499999999999 0.09884444444444444
10 0.7724625 0.17524444444444445 0.21239999999999998 0.11751111111111112
10 0.5517625 0.12077777777777778 0.0780625 0.08122222222222221
10 0.24212499999999998 0.9226444444444445 0.3037 0.15473333333333333