7 0.3915525114155251 0.8140243902439024 0.182648401826484 0.18902439024390244
7 0.4383561643835616 0.7088414634146342 0.1187214611872146 0.16158536585365854
7 0.3687214611872146 0.9298780487804879 0.16666666666666666 0.1402439024390244
7 0.2545662100456621 0.913109756097561 0.1552511415525114 0.17378048780487804
7 0.24771689497716895 0.7820121951219512 0.1232876712328767 0.2347560975609756
7 0.5627853881278538 0.7621951219512195 0.13926940639269406 0.31097560975609756
7 0.4394977168949772 0.5594512195121951 0.13926940639269406 0.19207317073170732
7 0.11073059360730593 0.7073170731707317 0.1552511415525114 0.19817073170731708
7 0.00017228121760132282 0.002915096547522163 0.00024472498283940636 0.0006575801052128242
7 0.7317351598173516 0.885670731707317 0.12100456621004566 0.22865853658536586
7 0.6301369863013698 0.9359756097560976 0.13470319634703196 0.11890243902439024
7 0.6815068493150684 0.6890243902439024 0.1552511415525114 0.21646341463414634
7 0.7100456621004566 0.5015243902439024 0.13013698630136986 0.24390243902439024
7 0.5605022831050228 0.49085365853658536 0.1324200913242009 0.2347560975609756
7 0.2579908675799087 0.7012195121951219 0.18949771689497716 0.16463414634146342
7 0.09817351598173515 0.9298780487804879 0.1963470319634703 0.1402439024390244
7 0.16095890410958905 0.45121951219512196 0.18493150684931506 0.16158536585365854
7 0.04223744292237443 0.6875 0.08447488584474885 0.27439024390243905
7 0.24771689497716895 0.3673780487804878 0.1461187214611872 0.21646341463414634
7 0.2089041095890411 0.21189024390243902 0.1689497716894977 0.14634146341463414
7 0.8447488584474886 0.8033536585365854 0.1643835616438356 0.16158536585365854
7 0.8207762557077626 0.6905487804878049 0.1461187214611872 0.13414634146341464
7 0.3675799086757991 0.5990853658536586 0.1141552511415525 0.18902439024390244
7 0.0639269406392694 0.2896341463414634 0.12100456621004566 0.2073170731707317
7 0.1324200913242009 0.19969512195121952 0.13013698630136986 0.2225609756097561
7 0.19748858447488585 0.4115853658536585 0.12100456621004566 0.2804878048780488
7 0.3778538812785388 0.3826219512195122 0.15296803652968036 0.18902439024390244
7 0.4406392694063927 0.2530487804878049 0.1780821917808219 0.16158536585365854
7 0.634703196347032 0.3445121951219512 0.16666666666666666 0.14634146341463414
7 0.4726027397260274 0.29878048780487804 0.13470319634703196 0.12804878048780488
7 0.7922374429223744 0.5228658536585366 0.0867579908675799 0.24390243902439024
7 0.910958904109589 0.5045731707317073 0.1780821917808219 0.17073170731707318
7 0.9372146118721462 0.7164634146341463 0.12557077625570776 0.2347560975609756
7 0.9474885844748858 0.8429878048780488 0.1050228310502283 0.19207317073170732
7 0.9223744292237442 0.9466463414634146 0.1552511415525114 0.10670731707317073
7 0.7294520547945206 0.36128048780487804 0.17579908675799086 0.1402439024390244
7 0.815068493150685 0.9405487804878049 0.07534246575342465 0.11890243902439024
7 0.934931506849315 0.3475609756097561 0.1141552511415525 0.1402439024390244
7 0.5502283105022832 0.28353658536585363 0.1735159817351598 0.16158536585365854
7 0.8264840182648402 0.21036585365853658 0.10273972602739725 0.1951219512195122
7 0.9315068493150684 0.20426829268292682 0.136986301369863 0.14634146341463414
7 0.934931506849315 0.0975609756097561 0.13013698630136986 0.18292682926829268
7 0.6655251141552512 0.11128048780487805 0.182648401826484 0.21036585365853658
7 0.747716894977169 0.23170731707317074 0.1141552511415525 0.16158536585365854
7 0.7831050228310502 0.07774390243902439 0.1004566210045662 0.15548780487804878
7 0.339041095890411 0.13871951219512196 0.1461187214611872 0.22865853658536586