13 0.37216494845360826 0.7233455882352942 0.1824742268041237 0.33455882352941174
13 0.6932989690721649 0.6911764705882353 0.18969072164948453 0.25
13 0.6206185567010309 0.25919117647058826 0.16494845360824742 0.25
13 0.4536082474226804 0.49080882352941174 0.15257731958762888 0.32169117647058826
13 0.5649484536082474 0.8400735294117647 0.21649484536082475 0.30514705882352944
13 0.727319587628866 0.42922794117647056 0.1670103092783505 0.25735294117647056
13 0.7221649484536082 0.11672794117647059 0.18041237113402062 0.22977941176470587
13 0.38556701030927837 0.24356617647058823 0.21443298969072164 0.27205882352941174
13 0.8149484536082474 0.7481617647058824 0.09587628865979382 0.20220588235294118
12 0.3675257731958763 0.7959558823529411 0.06804123711340206 0.14154411764705882
12 0.7175257731958763 0.15349264705882354 0.10412371134020619 0.05514705882352941