2 0.189453125 0.17668621700879766 0.130859375 0.12609970674486803
2 0.306640625 0.2536656891495601 0.375 0.11436950146627566
2 0.11083984375 0.33944281524926684 0.2216796875 0.19208211143695014
2 0.41015625 0.5747800586510264 0.6015625 0.32111436950146627
2 0.873046875 0.7434017595307918 0.25390625 0.4706744868035191
2 0.3837890625 0.9186217008797654 0.154296875 0.1627565982404692
2 0.693359375 0.8929618768328446 0.1123046875 0.21407624633431085
2 0.51953125 0.4736070381231672 0.193359375 0.32404692082111436
2 0.40625 0.313049853372434 0.2197265625 0.37390029325513197
2 0.25 0.33651026392961875 0.1318359375 0.2287390029325513
2 0.05615234375 0.6136363636363636 0.1123046875 0.4281524926686217
2 0.1533203125 0.8717008797653959 0.291015625 0.2565982404692082
2 0.65234375 0.48607038123167157 0.1318359375 0.2155425219941349
2 0.587890625 0.0872434017595308 0.1884765625 0.1744868035190616
2 0.9150390625 0.4039589442815249 0.169921875 0.2316715542521994
2 0.77099609375 0.41055718475073316 0.181640625 0.2287390029325513
2 0.8623046875 0.10190615835777127 0.275390625 0.20381231671554254
2 0.5537109375 0.24780058651026393 0.1201171875 0.18621700879765396
2 0.20458984375 0.06304985337243402 0.306640625 0.12609970674486803
2 0.7099609375 0.1840175953079179 0.12109375 0.187683284457478
2 0.5380859375 0.9274193548387096 0.1806640625 0.13343108504398826
2 0.869140625 0.24486803519061584 0.2333984375 0.10263929618768329
2 0.0693359375 0.1781524926686217 0.138671875 0.2155425219941349