11 0.5454096385542169 0.21958633093525182 0.05932530120481928 0.4136510791366907
11 0.8085903614457831 0.1201798561151079 0.2712409638554217 0.12746402877697843
11 0.503421686746988 0.3239928057553957 0.06573493975903615 0.42021582733812946
11 0.28149397590361447 0.11926258992805756 0.09155421686746987 0.22814748201438848
11 0.9691807228915662 0.3790287769784173 0.06165060240963856 0.18285971223021583
11 0.1807831325301205 0.32145683453237406 0.13477108433734938 0.5364748201438848
11 0.03418072289156627 0.8542805755395684 0.06695180722891567 0.28300359712230216
11 0.5463855421686747 0.07999999999999999 0.047795180722891566 0.15242805755395683
11 0.4677710843373494 0.8090827338129497 0.3740240963855422 0.377931654676259
11 0.27295180722891565 0.7329136690647482 0.1636987951807229 0.27188848920863307
11 0.34350602409638553 0.14588129496402877 0.0789156626506024 0.2837230215827338
11 0.10033734939759037 0.8637589928057554 0.09875903614457832 0.2598561151079137
11 0.6147469879518073 0.44244604316546765 0.37987951807228915 0.37284172661870507
11 0.7387710843373493 0.05467625899280575 0.0951566265060241 0.10178057553956835
11 0.6987349397590362 0.07854316546762591 0.09301204819277109 0.11762589928057555
11 0.35427710843373494 0.1791546762589928 0.30234939759036145 0.3463129496402878
11 0.6938433734939758 0.22012589928057555 0.2573253012048193 0.12609712230215828
11 0.4089397590361446 0.03489208633093525 0.039180722891566266 0.06796762589928057
11 0.388433734939759 0.9342086330935251 0.13097590361445782 0.13160071942446044
11 0.36034939759036144 0.06656474820143884 0.03549397590361446 0.12255395683453238
11 0.41021686746987956 0.33384892086330936 0.2042409638554217 0.6676978417266187
11 0.4406144578313253 0.3884532374100719 0.1686746987951807 0.7700359712230216
11 0.5923734939759037 0.2789028776978417 0.1038433734939759 0.42762589928057554
11 0.6554819277108433 0.7241906474820143 0.18875903614457828 0.3829496402877698
11 0.7036746987951806 0.6882374100719425 0.15433734939759036 0.3624280575539568
11 0.8407951807228916 0.8627158273381296 0.31842168674698795 0.27458633093525175
11 0.3706265060240964 0.8295143884892086 0.3178433734939759 0.31609712230215825