12 0.4831223628691983 0.6204437400950872 0.0949367088607595 0.22345483359746435
12 0.5369198312236287 0.34231378763866877 0.14978902953586498 0.05229793977812995
12 0.6044303797468354 0.08399366085578447 0.14135021097046413 0.03328050713153724
12 0.5632911392405063 0.1600633914421553 0.06751054852320675 0.03328050713153724
12 0.189873417721519 0.2694136291600634 0.13291139240506328 0.05071315372424723
12 0.20991561181434598 0.37400950871632327 0.15822784810126583 0.05388272583201268
12 0.4208860759493671 0.39144215530903326 0.035864978902953586 0.06497622820919176
12 0.039029535864978905 0.40253565768621236 0.07805907172995781 0.09508716323296355
12 0.13291139240506328 0.5491283676703645 0.05485232067510549 0.1109350237717908
12 0.5327004219409283 0.38114104595879555 0.05485232067510549 0.039619651347068144
12 0.33544303797468356 0.20206022187004755 0.08227848101265822 0.07290015847860538
12 0.6276371308016878 0.1988906497622821 0.052742616033755275 0.08716323296354993
12 0.42510548523206754 0.15055467511885895 0.09915611814345991 0.030110935023771792
12 0.5379746835443038 0.20285261489698891 0.13924050632911392 0.15847860538827258
12 0.0020675910506378907 0.0005514325600388231 0.00031491993285775517 0.00010972986805991607
12 0.5316455696202531 0.8621236133122029 0.1877637130801688 0.10935023771790808
12 0.26582278481012656 0.4540412044374009 0.5316455696202531 0.30427892234548337
12 0.5052742616033755 0.5039619651347068 0.989451476793249 0.8256735340729001