7 0.4552083333333333 0.7944444444444444 0.19583333333333333 0.2611111111111111
7 0.6541666666666667 0.7680555555555556 0.20208333333333334 0.2777777777777778
7 0.8802083333333334 0.8222222222222222 0.2375 0.25
7 0.7541666666666667 0.6527777777777778 0.21875 0.15
7 0.5416666666666666 0.5611111111111111 0.1875 0.15
7 0.6989583333333333 0.5388888888888889 0.14583333333333334 0.15
7 0.828125 0.5222222222222223 0.15208333333333332 0.2
7 0.9177083333333333 0.4513888888888889 0.11458333333333333 0.15
7 0.721875 0.4375 0.13541666666666666 0.125
7 0.8354166666666667 0.37222222222222223 0.15208333333333332 0.1388888888888889
7 0.453125 0.43194444444444446 0.22708333333333333 0.23055555555555557
7 0.33645833333333336 0.5583333333333333 0.21666666666666667 0.18888888888888888
7 0.05 0.6958333333333333 0.1 0.33611111111111114
7 0.06875 0.1486111111111111 0.12708333333333333 0.15555555555555556
7 0.27291666666666664 0.07777777777777778 0.20833333333333334 0.11388888888888889
7 0.16666666666666666 0.25555555555555554 0.18541666666666667 0.25
7 0.26979166666666665 0.3875 0.21875 0.18888888888888888
7 0.27291666666666664 0.18194444444444444 0.13125 0.15
7 0.6291666666666667 0.38472222222222224 0.10416666666666667 0.14722222222222223
7 0.73125 0.33611111111111114 0.1 0.09722222222222222
7 0.6510416666666666 0.30694444444444446 0.11041666666666666 0.08888888888888889
7 0.5635416666666667 0.32083333333333336 0.0875 0.11944444444444445
7 0.421875 0.19444444444444445 0.09375 0.08611111111111111
7 0.34375 0.2652777777777778 0.16458333333333333 0.16111111111111112
7 0.4708333333333333 0.26944444444444443 0.1125 0.1111111111111111
7 0.834375 0.2708333333333333 0.08333333333333333 0.09722222222222222
7 0.7552083333333334 0.26805555555555555 0.09166666666666666 0.10277777777777777
7 0.759375 0.1986111111111111 0.11041666666666666 0.10277777777777777
7 0.7489583333333333 0.10555555555555556 0.12708333333333333 0.10555555555555556
7 0.6010416666666667 0.1638888888888889 0.08541666666666667 0.09166666666666666
7 0.6510416666666666 0.21805555555555556 0.07083333333333333 0.08055555555555556
7 0.571875 0.23472222222222222 0.0875 0.07222222222222222
7 0.5104166666666666 0.18194444444444444 0.08541666666666667 0.08611111111111111
7 0.4510416666666667 0.1361111111111111 0.09375 0.08333333333333333
7 0.44583333333333336 0.07777777777777778 0.11875 0.09166666666666666
7 0.5333333333333333 0.10138888888888889 0.0875 0.10277777777777777
7 0.6291666666666667 0.10833333333333334 0.08541666666666667 0.11666666666666667