4 0.24270833333333333 0.415625 0.15520833333333334 0.1796875
4 0.24270833333333333 0.81015625 0.12916666666666668 0.1953125
4 0.384375 0.83046875 0.13645833333333332 0.2171875
4 0.7645833333333333 0.66875 0.10208333333333333 0.1796875
4 0.846875 0.65390625 0.14375 0.2140625
4 0.8723958333333334 0.8625 0.15520833333333334 0.1921875
4 0.9375 0.846875 0.125 0.2078125
4 0.4588541666666667 0.8609375 0.14375 0.125
4 0.1203125 0.80078125 0.13333333333333333 0.115625
4 0.0890625 0.9265625 0.14895833333333333 0.146875
4 0.5791666666666667 0.6765625 0.1125 0.1796875
4 0.42916666666666664 0.72421875 0.14791666666666667 0.1671875
4 0.18958333333333333 0.58125 0.128125 0.2296875
4 0.28489583333333335 0.56171875 0.128125 0.2015625
4 0.4276041666666667 0.41171875 0.13333333333333333 0.16875
4 0.6572916666666667 0.4109375 0.11458333333333333 0.1546875
4 0.6791666666666667 0.26796875 0.12395833333333334 0.1125
4 0.7734375 0.31875 0.109375 0.0765625
4 0.7005208333333334 0.9109375 0.14895833333333333 0.178125
4 0.5598958333333334 0.896875 0.11354166666666667 0.2015625
4 0.7359375 0.38203125 0.11458333333333333 0.1171875
4 0.0671875 0.56796875 0.134375 0.3703125
4 0.5817708333333333 0.53515625 0.057291666666666664 0.2046875
4 0.7359375 0.5421875 0.13333333333333333 0.1515625
4 0.4921875 0.5546875 0.16354166666666667 0.153125
4 0.3723958333333333 0.56640625 0.09166666666666666 0.1640625
4 0.4557291666666667 0.29296875 0.13958333333333334 0.1125
4 0.5171875 0.38515625 0.12395833333333334 0.175
4 0.5822916666666667 0.30703125 0.11145833333333334 0.128125
4 0.8161458333333333 0.35390625 0.058333333333333334 0.146875
4 0.9479166666666666 0.4765625 0.10416666666666667 0.121875
4 0.9208333333333333 0.54140625 0.121875 0.2
4 0.853125 0.465625 0.11145833333333334 0.1625
4 0.8973958333333333 0.3765625 0.134375 0.121875
4 0.9229166666666667 0.18203125 0.15416666666666667 0.15625
4 0.8453125 0.228125 0.11354166666666667 0.1515625
4 0.3203125 0.3140625 0.1125 0.171875
4 0.17864583333333334 0.34609375 0.19479166666666667 0.1359375
4 0.04375 0.31796875 0.08020833333333334 0.2078125
4 0.08489583333333334 0.22421875 0.13020833333333334 0.14375
4 0.22083333333333333 0.20703125 0.1625 0.1625
4 0.4484375 0.1734375 0.15208333333333332 0.19375
4 0.5708333333333333 0.19609375 0.1375 0.153125
4 0.7161458333333334 0.1359375 0.14895833333333333 0.1203125
4 0.9125 0.11875 0.12291666666666666 0.13125
4 0.24427083333333333 0.10859375 0.13020833333333334 0.1078125
4 0.3489583333333333 0.0796875 0.109375 0.13125
4 0.14791666666666667 0.0765625 0.109375 0.140625
4 0.6125 0.07421875 0.23645833333333333 0.109375