11 0.25732421875 0.5103050595238096 0.300048828125 0.37942940848214285
11 0.65478515625 0.2252747550843254 0.65283203125 0.4457837301587302
11 0.6728515625 0.6301827566964285 0.1231689453125 0.1705599345858135
11 0.587890625 0.8549076140873015 0.1566162109375 0.26999976748511906
11 0.7333984375 0.7661907862103174 0.2264404296875 0.4567816840277778
11 0.2237548828125 0.48940894717261907 0.1904296875 0.09022904653397817
11 0.450439453125 0.7093680245535714 0.093505859375 0.4534822978670635
11 0.460693359375 0.13820762028769842 0.26806640625 0.2743989490327381
11 0.51513671875 0.4248876178075397 0.1361083984375 0.08124738420758928
11 0.6708984375 0.09004574730282738 0.185302734375 0.1756006634424603
11 0.1588134765625 0.15910373263888888 0.0738525390625 0.10072292751736112
11 0.38525390625 0.4586146763392857 0.056976318359375 0.15149681454613095
11 0.090087890625 0.45201590401785713 0.1766357421875 0.322423347594246
11 0.0289764404296875 0.3469854445684524 0.056121826171875 0.15094691685267858
11 0.1904296875 0.38089580233134923 0.0987548828125 0.15250496031746033
11 0.43505859375 0.32443963913690477 0.1229248046875 0.13197544642857142
11 0.5205078125 0.4817103794642857 0.07135009765625 0.07377794053819445
11 0.08880615234375 0.3984925285218254 0.1104736328125 0.061542716858878965
11 0.904296875 0.7691235739087302 0.153564453125 0.13600802951388888
11 0.1685791015625 0.09494900173611111 0.05633544921875 0.08445512075272818
11 0.9423828125 0.6613436259920635 0.1026611328125 0.06571277436755953
11 0.1993408203125 0.7683903769841269 0.3125 0.4014253162202381
11 0.41845703125 0.47547820560515874 0.0531005859375 0.1355497814360119
11 0.84375 0.09705694289434524 0.30859375 0.1849489242311508
11 0.473388671875 0.43405257936507935 0.056976318359375 0.058518279544890875
11 0.892578125 0.8079830109126984 0.21142578125 0.35944979228670637
11 0.94970703125 0.7024026537698412 0.0244293212890625 0.10539705791170635
11 0.313232421875 0.4593478732638889 0.11962890625 0.1357330806671627
11 0.0467681884765625 0.11373717292906746 0.093536376953125 0.12849276103670634
11 0.31298828125 0.04229629758804564 0.04302978515625 0.08303455171130952
11 0.280517578125 0.36146608382936507 0.193115234375 0.18302428230406745
11 0.2587890625 0.3915271577380952 0.06744384765625 0.07826877170138889
11 0.1256103515625 0.034758116706969246 0.08819580078125 0.06837061321924603
11 0.285400390625 0.14343164837549602 0.173828125 0.1275762648809524
11 0.802734375 0.6177184089781746 0.12103271484375 0.1811912899925595
11 0.377197265625 0.05288182818700397 0.07904052734375 0.04784109933035714
11 0.169921875 0.01413695320250496 0.06951904296875 0.027586534288194443
11 0.75439453125 0.5436655195932539 0.123779296875 0.3092258029513889
11 0.4716796875 0.06108446878100198 0.039703369140625 0.05604373992435516
11 0.73583984375 0.7229321676587301 0.09124755859375 0.1558043464781746
11 0.60546875 0.7779219370039683 0.07794189453125 0.09943983289930555
11 0.53955078125 0.025593155149429562 0.08770751953125 0.048299347408234126
11 0.486083984375 0.032833474779885914 0.07421875 0.06310076032366072
11 0.2269287109375 0.05004069010416667 0.0966796875 0.09375755673363095
11 0.61376953125 0.49637431795634923 0.08660888671875 0.1966800750248016
11 0.3486328125 0.025020345052083334 0.06829833984375 0.04820769779265873
11 0.236328125 0.264684089781746 0.12548828125 0.10365571521577381
11 0.77978515625 0.06695004417782738 0.105224609375 0.12171068948412699
11 0.378173828125 0.017081197102864584 0.03704833984375 0.031000482468377975
0 0.8662109375 0.014744131905691965 0.0738525390625 0.029052928137400794
0 0.09417724609375 0.35541720920138886 0.0849609375 0.047474500868055554
11 0.5673828125 0.09494900173611111 0.08123779296875 0.11749480716765873
11 0.1527099609375 0.2694498697916667 0.06866455078125 0.05457734607514881
11 0.245849609375 0.34771864149305554 0.03875732421875 0.04261707124255952
11 0.845703125 0.8233801463293651 0.1781005859375 0.07712315150669642
11 0.552734375 0.8109157986111111 0.0439453125 0.06887468610491071