7 0.0970464135021097 0.20042194092827004 0.1940928270042194 0.18565400843881857
7 0.09282700421940929 0.4293248945147679 0.18565400843881857 0.2552742616033755
7 0.09071729957805907 0.7289029535864979 0.18143459915611815 0.3438818565400844
7 0.3048523206751055 0.2911392405063291 0.2088607594936709 0.3987341772151899
7 0.5021097046413502 0.2552742616033755 0.20042194092827004 0.2911392405063291
7 0.2869198312236287 0.5632911392405063 0.25316455696202533 0.18143459915611815
7 0.37658227848101267 0.7742616033755274 0.45569620253164556 0.23839662447257384
7 0.5042194092827004 0.5348101265822784 0.2088607594936709 0.2721518987341772
7 0.7130801687763713 0.7236286919831224 0.21729957805907174 0.35232067510548526
7 0.9145569620253164 0.7668776371308017 0.17088607594936708 0.28270042194092826
7 0.7194092827004219 0.4388185654008439 0.24261603375527427 0.2468354430379747
7 0.8892405063291139 0.54957805907173 0.22151898734177214 0.18143459915611815
7 0.7151898734177216 0.2120253164556962 0.2320675105485232 0.2320675105485232
7 0.8997890295358649 0.26476793248945146 0.20042194092827004 0.3924050632911392