0 0.6701754519813939 0.30085024934159604 0.10087721975226151 0.13910865468636052
0 0.34627195659436677 0.20609502447046357 0.1609649658203125 0.2151292670683441
0 0.5872807151392887 0.07087805676531936 0.09298248291015625 0.14175611353063872
0 0.11008774606805104 0.8786740131034163 0.1491228605571546 0.24265197379316739
0 0.7311403776469984 0.6192875201537522 0.14385970266241777 0.2499310921022559
0 0.88232421875 0.5661224793336673 0.12359619140625 0.14338980695766534
0 0.58984375 0.273068108873998 0.0830078125 0.2027675957383517
0 0.83544921875 0.6488563063627254 0.0938720703125 0.17487978887462424
0 0.90185546875 0.22310245490981964 0.05706787109375 0.0970844276443512
0 0.0633544921875 0.22542643881513025 0.06475830078125 0.13479106650801603
0 0.7861328125 0.30839266423471945 0.116943359375 0.1500131610878006
0 0.888671875 0.29491355758391785 0.07696533203125 0.1874293019633016
0 0.27978515625 0.10242959062656563 0.06561279296875 0.09760732402304609
0 0.92529296875 0.6288700447770541 0.077392578125 0.13479106650801603
0 0.72265625 0.20067601022357215 0.09503173828125 0.12886490754947394
0 0.018829345703125 0.16314367015280562 0.037109375 0.11271321940756512
0 0.55615234375 0.3883377105774048 0.07989501953125 0.1260761268631012
0 0.6396484375 0.7915489181487976 0.26025390625 0.4025140123997996
0 0.387451171875 0.7655202984093187 0.127685546875 0.2038133884957415
0 0.63037109375 0.7088150911197395 0.06549072265625 0.23483857363163826
0 0.876953125 0.7636611112850702 0.2264404296875 0.42017629008016033
0 0.6943359375 0.05892751689903244 0.0574951171875 0.11785503379806488
0 0.84423828125 0.21217973055485972 0.046630859375 0.08947338035445891
0 0.047882080078125 0.4485288937249499 0.073974609375 0.14548139247244488
0 0.56396484375 0.8965929906688377 0.08648681640625 0.16965082508767534
0 0.445556640625 0.6493211031437875 0.09857177734375 0.17429879289829658
0 0.7099609375 0.3755557990981964 0.1268310546875 0.12956210272106713
0 0.105224609375 0.24332111488602204 0.06982421875 0.12351974456725952
0 0.79638671875 0.2177572919276052 0.053802490234375 0.10016370631888778
0 0.482421875 0.06332856141971444 0.090087890625 0.07645907048471944
0 0.2203369140625 0.06847037581021417 0.102294921875 0.13694075162042835
0 0.49560546875 0.03304414615363539 0.060760498046875 0.06608829230727079
0 0.07464599609375 0.5400938595941884 0.140869140625 0.31327303043587174
0 0.010387420654296875 0.5242907690380761 0.02077484130859375 0.18568631403431865
0 0.9582366943359375 0.3090898594063126 0.083526611328125 0.10667086125375752
0 0.61865234375 0.3969364510270541 0.1865234375 0.43644417741733466
0 0.486572265625 0.27701888151302606 0.10931396484375 0.18150314300475953
0 0.355224609375 0.6028414250375751 0.091552734375 0.1410658230523547
0 0.4345703125 0.49733255573647295 0.1485595703125 0.19963021746618237
0 0.86376953125 0.415295923879008 0.07891845703125 0.1137590121649549
0 0.5556640625 0.6990543587174348 0.1175537109375 0.15919289751377755
0 0.0211029052734375 0.3172238030748998 0.042205810546875 0.12840011076841182
0 0.2232666015625 0.64327874498998 0.1800537109375 0.22612363398672344
0 0.314697265625 0.08488351214147044 0.0328369140625 0.06716313486347696
0 0.72998046875 0.11910417514716934 0.06927490234375 0.10411447895791583
0 0.74169921875 0.044504291786698395 0.07122802734375 0.0721597002598948
0 0.134521484375 0.778069811497996 0.063720703125 0.1586119015374499
0 0.90966796875 0.505234101014529 0.140625 0.12282254939566634
0 0.2047119140625 0.3511539680924349 0.13818359375 0.19277446494551603
0 0.7607421875 0.46758556174849697 0.1263427734375 0.1137590121649549
0 0.48095703125 0.9337767331538076 0.10302734375 0.13118889145478457
0 0.92138671875 0.1548935272889529 0.056640625 0.08377961978644789
0 0.9586334228515625 0.4792054812750501 0.082733154296875 0.0884856871947019
0 0.8984375 0.08488351214147044 0.0855712890625 0.0679184296327029
0 0.179443359375 0.23309558570265532 0.06658935546875 0.10260388941946393
0 0.34130859375 0.3362804710984469 0.1724853515625 0.17650657760834168
0 0.54248046875 0.04783049375117422 0.057708740234375 0.09566098750234844
0 0.7421875 0.28747680908692386 0.04681396484375 0.06948711876878758
0 0.3525390625 0.0721597002598948 0.041778564453125 0.057315253064723196
0 0.333984375 0.028367128544197772 0.02886962890625 0.05313208203516408
0 0.06573486328125 0.7906193245866734 0.0838623046875 0.10510217211767285
0 0.1739501953125 0.1469919820108968 0.042724609375 0.055804663526271295
0 0.034759521484375 0.8998465681362725 0.042572021484375 0.12630852525363226
0 0.295654296875 0.03308772085185997 0.037109375 0.06100457751440381
0 0.6337890625 0.037532340070766536 0.04913330078125 0.04459144118314755
0 0.65966796875 0.08255952823615982 0.039276123046875 0.06832512681613226
0 0.383544921875 0.06205037027179359 0.03033447265625 0.05182484108842685
0 0.2347412109375 0.9347063267159319 0.0938720703125 0.12700572042522545
0 0.94580078125 0.3743938071455411 0.0633544921875 0.07082340951434118