10 0.115966796875 0.1575927734375 0.1279296875 0.12042236328125
10 0.87109375 0.5517578125 0.13134765625 0.205322265625
10 0.70654296875 0.8369140625 0.09722900390625 0.274169921875
10 0.80615234375 0.2078857421875 0.1605224609375 0.0875244140625
10 0.6826171875 0.2115478515625 0.0740966796875 0.2291259765625
10 0.2099609375 0.337646484375 0.11456298828125 0.27587890625
10 0.8759765625 0.312744140625 0.1279296875 0.2802734375
10 0.9033203125 0.86181640625 0.1842041015625 0.1729736328125
10 0.47998046875 0.70068359375 0.1121826171875 0.2763671875
10 0.048187255859375 0.5078125 0.09637451171875 0.33447265625
10 0.3984375 0.50390625 0.17578125 0.1607666015625
10 0.3408203125 0.65966796875 0.1663818359375 0.18310546875
10 0.92529296875 0.77783203125 0.07354736328125 0.09881591796875
10 0.7666015625 0.59521484375 0.157958984375 0.1221923828125
10 0.70361328125 0.53466796875 0.1656494140625 0.1112060546875
10 0.74365234375 0.329833984375 0.15380859375 0.1748046875
10 0.77783203125 0.72607421875 0.129150390625 0.1993408203125
10 0.224609375 0.921630859375 0.1153564453125 0.15673828125
10 0.456787109375 0.88128662109375 0.129150390625 0.2374267578125
10 0.376220703125 0.77685546875 0.1309814453125 0.1473388671875
10 0.4072265625 0.385986328125 0.1468505859375 0.2130126953125
10 0.40673828125 0.26171875 0.11419677734375 0.194091796875
10 0.1644287109375 0.61572265625 0.251708984375 0.312255859375
10 0.34521484375 0.90625 0.0810546875 0.18603515625
10 0.775390625 0.87548828125 0.1019287109375 0.24755859375
10 0.54736328125 0.15673828125 0.0709228515625 0.289306640625
10 0.56884765625 0.74658203125 0.097412109375 0.288818359375
10 0.0418548583984375 0.900390625 0.083709716796875 0.1954345703125
10 0.47265625 0.255859375 0.11553955078125 0.27587890625
10 0.6025390625 0.501953125 0.056976318359375 0.107421875
10 0.14013671875 0.3916015625 0.10284423828125 0.237548828125
10 0.04046630859375 0.12286376953125 0.050811767578125 0.193359375
10 0.6220703125 0.0965576171875 0.056243896484375 0.193115234375
10 0.041290283203125 0.25390625 0.08258056640625 0.12042236328125
10 0.08599853515625 0.9659576416015625 0.1199951171875 0.068084716796875
10 0.8271484375 0.0748291015625 0.06109619140625 0.149658203125
10 0.250732421875 0.09002685546875 0.090576171875 0.177978515625
10 0.331298828125 0.254638671875 0.1190185546875 0.198974609375
10 0.09844970703125 0.051513671875 0.11260986328125 0.10028076171875
10 0.355712890625 0.03179931640625 0.05511474609375 0.0626220703125
10 0.317626953125 0.07476806640625 0.08062744140625 0.07958984375
10 0.8779296875 0.0353240966796875 0.044769287109375 0.070648193359375
10 0.40234375 0.1572265625 0.058013916015625 0.0758056640625
10 0.74462890625 0.0227508544921875 0.153076171875 0.044830322265625
10 0.1417236328125 0.260986328125 0.049041748046875 0.12841796875
10 0.1943359375 0.0833740234375 0.081787109375 0.0911865234375
10 0.83349609375 0.50830078125 0.06829833984375 0.1175537109375
10 0.01090240478515625 0.1519775390625 0.021209716796875 0.09771728515625
10 0.6533203125 0.69140625 0.0330810546875 0.08001708984375
10 0.115966796875 0.355224609375 0.0311431884765625 0.054351806640625
10 0.4990234375 0.150390625 0.04803466796875 0.097900390625
10 0.9953727722167969 0.327392578125 0.00925445556640625 0.1156005859375