8 0.09619450317124736 0.14285714285714285 0.03382663847780127 0.07894736842105263
8 0.12367864693446089 0.13909774436090225 0.023255813953488372 0.08270676691729323
8 0.1522198731501057 0.13533834586466165 0.02748414376321353 0.07894736842105263
8 0.18604651162790697 0.13533834586466165 0.035940803382663845 0.06390977443609022
8 0.21881606765327696 0.14285714285714285 0.035940803382663845 0.06390977443609022
8 0.2536997885835095 0.13533834586466165 0.03382663847780127 0.09022556390977443
8 0.2864693446088795 0.13157894736842105 0.02748414376321353 0.07894736842105263
8 0.3181818181818182 0.14097744360902256 0.03171247357293869 0.06766917293233082
8 0.34460887949260044 0.09398496240601503 0.023255813953488372 0.07894736842105263
8 0.3689217758985201 0.06954887218045112 0.02536997885835095 0.06015037593984962
8 0.4619450317124736 0.12781954887218044 0.22832980972515857 0.22180451127819548
8 0.5993657505285412 0.07330827067669173 0.03171247357293869 0.08270676691729323
8 0.638477801268499 0.07894736842105263 0.042283298097251586 0.08270676691729323
8 0.7029598308668076 0.12969924812030076 0.040169133192389 0.07142857142857142
8 0.7526427061310782 0.12969924812030076 0.040169133192389 0.08270676691729323
8 0.806553911205074 0.13345864661654136 0.02536997885835095 0.08270676691729323
8 0.8424947145877378 0.12969924812030076 0.035940803382663845 0.07142857142857142
8 0.8805496828752643 0.12030075187969924 0.03805496828752643 0.08270676691729323
8 0.6131078224101479 0.15413533834586465 0.10570824524312897 0.045112781954887216
8 0.10042283298097252 0.34962406015037595 0.05919661733615222 0.2781954887218045
8 0.15327695560253699 0.3533834586466165 0.040169133192389 0.2631578947368421
8 0.2135306553911205 0.34774436090225563 0.0824524312896406 0.2631578947368421
8 0.26744186046511625 0.3308270676691729 0.03805496828752643 0.2669172932330827
8 0.3012684989429176 0.35150375939849626 0.046511627906976744 0.2631578947368421
8 0.3498942917547569 0.34962406015037595 0.048625792811839326 0.2894736842105263
8 0.3953488372093023 0.3684210526315789 0.052854122621564484 0.29699248120300753
8 0.4429175475687104 0.3684210526315789 0.06342494714587738 0.2706766917293233
8 0.9164904862579282 0.4116541353383459 0.06553911205073996 0.23684210526315788
8 0.861522198731501 0.3966165413533835 0.06342494714587738 0.24812030075187969
8 0.8054968287526427 0.37969924812030076 0.07188160676532769 0.2593984962406015
8 0.7568710359408034 0.38721804511278196 0.05708245243128964 0.23684210526315788
8 0.7135306553911205 0.3815789473684211 0.046511627906976744 0.24436090225563908
8 0.6691331923890064 0.37030075187969924 0.05708245243128964 0.2631578947368421
8 0.6236786469344608 0.3815789473684211 0.052854122621564484 0.2706766917293233
8 0.580338266384778 0.35902255639097747 0.052854122621564484 0.2706766917293233
8 0.4904862579281184 0.37593984962406013 0.046511627906976744 0.24812030075187969
8 0.5338266384778013 0.3684210526315789 0.052854122621564484 0.2556390977443609
8 0.052854122621564484 0.7124060150375939 0.10570824524312897 0.575187969924812
8 0.1331923890063425 0.6221804511278195 0.08879492600422834 0.2781954887218045
8 0.19133192389006343 0.6165413533834586 0.07822410147991543 0.2669172932330827
8 0.2357293868921776 0.6015037593984962 0.05919661733615222 0.38721804511278196
8 0.28752642706131076 0.6296992481203008 0.0613107822410148 0.31954887218045114
8 0.35306553911205074 0.6466165413533834 0.09725158562367865 0.3082706766917293
8 0.4175475687103594 0.6597744360902256 0.05919661733615222 0.2857142857142857
8 0.452431289640592 0.6597744360902256 0.040169133192389 0.21052631578947367
8 0.48731501057082455 0.631578947368421 0.04439746300211417 0.2857142857142857
8 0.5190274841437632 0.631578947368421 0.046511627906976744 0.23684210526315788
8 0.5644820295983086 0.6522556390977443 0.042283298097251586 0.22180451127819548
8 0.5983086680761099 0.6654135338345865 0.05496828752642706 0.24060150375939848
8 0.6331923890063424 0.6522556390977443 0.0507399577167019 0.24060150375939848
8 0.6818181818181818 0.6672932330827067 0.0824524312896406 0.2932330827067669
8 0.741014799154334 0.6560150375939849 0.046511627906976744 0.24436090225563908
8 0.7896405919661733 0.6691729323308271 0.07188160676532769 0.31203007518796994
8 0.8498942917547568 0.6240601503759399 0.06765327695560254 0.22556390977443608
8 0.9281183932346723 0.7518796992481203 0.13107822410147993 0.49624060150375937
8 0.8403805496828752 0.868421052631579 0.1014799154334038 0.2518796992481203
8 0.7642706131078224 0.8928571428571429 0.0824524312896406 0.19924812030075187
8 0.6997885835095138 0.9172932330827067 0.05919661733615222 0.16541353383458646
8 0.6501057082452432 0.9022556390977443 0.05919661733615222 0.19548872180451127
8 0.5845665961945031 0.8778195488721805 0.09513742071881606 0.24060150375939848
8 0.5264270613107822 0.868421052631579 0.046511627906976744 0.23684210526315788
8 0.48625792811839325 0.8928571428571429 0.052854122621564484 0.20676691729323307
8 0.4355179704016913 0.8759398496240601 0.07822410147991543 0.24436090225563908
8 0.3403805496828753 0.9041353383458647 0.13742071881606766 0.19172932330827067
8 0.11839323467230443 0.881578947368421 0.06553911205073996 0.23684210526315788
8 0.1839323467230444 0.8872180451127819 0.0613107822410148 0.22556390977443608
8 0.2219873150105708 0.8947368421052632 0.046511627906976744 0.20300751879699247
8 0.266384778012685 0.8909774436090225 0.046511627906976744 0.21804511278195488