0 0.7366530612244899 0.5468367346938775 0.03257142857142857 0.14383673469387756
0 0.8023129251700681 0.7136326530612245 0.02960544217687075 0.14769387755102042
0 0.8194013605442176 0.5398775510204082 0.04161904761904762 0.14542857142857143
0 0.786530612244898 0.4145918367346939 0.0334421768707483 0.14485714285714288
0 0.27295238095238095 0.37720408163265307 0.039551020408163266 0.14740816326530612
0 0.7040952380952381 0.26769387755102036 0.03179591836734694 0.14457142857142857
0 0.7534149659863946 0.42993877551020404 0.034421768707482994 0.1220408163265306
0 0.6445306122448979 0.38818367346938776 0.040680272108843535 0.14273469387755103
0 0.7714829931972789 0.5635918367346939 0.039945578231292515 0.13879591836734695
0 0.7221632653061224 0.3801224489795918 0.04281632653061224 0.14100000000000001
0 0.5024353741496599 0.5518775510204081 0.07421768707482992 0.13393877551020408
0 0.136843537414966 0.3147551020408163 0.030965986394557825 0.13979591836734695
0 0.6157278911564625 0.7932040816326531 0.02854421768707483 0.12451020408163264
0 0.7880816326530612 0.8986734693877552 0.04001360544217687 0.13614285714285712
0 0.5722721088435374 0.4973061224489796 0.024190476190476193 0.13302040816326532
0 0.8666938775510203 0.5573673469387755 0.04272108843537415 0.15187755102040817
0 0.6894557823129251 0.47022448979591835 0.07519727891156464 0.13157142857142856
0 0.1456326530612245 0.8444897959183674 0.04257142857142857 0.14657142857142855
0 0.11047619047619048 0.15728571428571428 0.04183673469387755 0.14812244897959184
0 0.2612244897959184 0.7272857142857143 0.0820952380952381 0.13036734693877552
0 0.3879455782312925 0.9030816326530612 0.05410884353741497 0.14355102040816328
0 0.29272108843537414 0.5826326530612245 0.03424489795918367 0.14922448979591837
0 0.7285170068027211 0.12514285714285714 0.07848979591836734 0.20014285714285712
0 0.8706122448979592 0.8554693877551021 0.04876190476190476 0.1346734693877551
0 0.21727891156462584 0.8356938775510204 0.058231292517006795 0.15216326530612245
0 0.5180680272108843 0.33069387755102037 0.07946938775510204 0.1346734693877551
0 0.45361904761904764 0.11195918367346938 0.06964625850340135 0.11983673469387755
0 0.8017551020408162 0.32226530612244897 0.04016326530612245 0.13879591836734695
0 0.831061224489796 0.1363265306122449 0.05877551020408164 0.14402040816326528
0 0.3325170068027211 0.5958163265306122 0.04046258503401361 0.14812244897959184
0 0.11755102040816327 0.8430204081632653 0.0503265306122449 0.14840816326530612
0 0.9647210884353742 0.47753061224489796 0.0705578231292517 0.12579591836734694
0 0.7978503401360544 0.5321020408163266 0.02848979591836735 0.1363265306122449
0 0.8232380952380953 0.7888163265306122 0.04940136054421769 0.1390612244897959
0 0.12780952380952382 0.6284081632653061 0.08710204081632653 0.12991836734693876
0 0.41601360544217686 0.06738775510204083 0.0581360544217687 0.1336734693877551
0 0.22631292517006804 0.3433265306122449 0.06585034013605442 0.11983673469387755
0 0.7578095238095238 0.2872857142857143 0.03780952380952381 0.13979591836734695
0 0.2688027210884354 0.5606734693877551 0.02333333333333333 0.1249795918367347
0 0.8833061224489797 0.43359183673469387 0.07989115646258503 0.12314285714285715
0 0.47655782312925166 0.4247959183673469 0.032775510204081634 0.12744897959183674
0 0.6103537414965987 0.4160204081632653 0.05291156462585034 0.13979591836734695
0 0.6772517006802721 0.34167346938775506 0.040925170068027206 0.13924489795918368
0 0.5771428571428572 0.8737755102040816 0.032040816326530615 0.12406122448979591
0 0.8793877551020408 0.1099591836734694 0.02759183673469388 0.09914285714285714
0 0.24182312925170069 0.13065306122448977 0.08740136054421768 0.0866938775510204
0 0.5136734693877552 0.6412448979591836 0.08831292517006802 0.10373469387755102
0 0.1661360544217687 0.41344897959183674 0.08789115646258502 0.103
0 0.9047891156462585 0.15289795918367347 0.035823129251700676 0.16314285714285715
0 0.5478503401360545 0.04961224489795918 0.033197278911564626 0.09787755102040817
0 0.6992244897959183 0.38818367346938776 0.037959183673469385 0.10565306122448981
0 0.8427755102040817 0.5573673469387755 0.03628571428571429 0.14483673469387756
0 0.9052789115646258 0.9257755102040817 0.06280272108843538 0.13953061224489796
0 0.29443537414965987 0.8430204081632653 0.06420408163265307 0.14355102040816328
0 0.154421768707483 0.9499591836734694 0.07684353741496598 0.0783673469387755
0 0.4863265306122449 0.7423061224489796 0.07092517006802722 0.11883673469387754
0 0.5219727891156463 0.14053061224489796 0.09552380952380951 0.07851020408163265
0 0.028802721088435377 0.9169999999999999 0.05224489795918367 0.12295918367346939
0 0.025659863945578232 0.6957959183673469 0.050503401360544216 0.13512244897959183
0 0.3613333333333333 0.4222448979591837 0.057918367346938775 0.11791836734693878
0 0.9257823129251701 0.13806122448979594 0.03365986394557823 0.1659795918367347
0 0.8413061224489796 0.8503469387755103 0.03091156462585034 0.13157142857142856
0 0.92821768707483 0.7141020408163266 0.07274829931972789 0.11481632653061224
0 0.34887074829931974 0.3268367346938776 0.05202721088435375 0.13320408163265304
0 0.4558095238095238 0.23053061224489796 0.03759183673469388 0.1320204081632653
0 0.5151428571428571 0.861326530612245 0.07824489795918367 0.13953061224489796
0 0.918938775510204 0.3176938775510204 0.06707482993197278 0.1133469387755102
0 0.11632653061224489 0.3440612244897959 0.026816326530612247 0.10875510204081633
0 0.4348163265306122 0.5632244897959184 0.04620408163265306 0.14153061224489794
0 0.1674829931972789 0.845938775510204 0.03704761904761905 0.13879591836734695
0 0.9707074829931973 0.14685714285714285 0.05771428571428572 0.12808163265306122
0 0.05175510204081633 0.812265306122449 0.08617687074829933 0.10775510204081631
0 0.6005850340136054 0.5712857142857143 0.03589115646258503 0.0903265306122449
0 0.6401360544217687 0.7661224489795918 0.04821768707482993 0.1442857142857143
0 0.5571292517006803 0.5094081632653061 0.0182312925170068 0.09630612244897958
0 0.7797823129251701 0.6471020408163265 0.08106122448979591 0.0916530612244898
0 0.42627210884353745 0.36108163265306126 0.07806802721088436 0.10189795918367348
0 0.07500680272108844 0.7078775510204082 0.06891156462585034 0.12159183673469387
0 0.8374013605442177 0.7020204081632653 0.05013605442176871 0.07126530612244898
0 0.1323265306122449 0.7276530612244898 0.08538775510204082 0.1496938775510204
0 0.03689795918367347 0.29040816326530616 0.06817687074829933 0.13879591836734695
0 0.05282993197278912 0.1370612244897959 0.08282993197278912 0.103
0 0.2783265306122449 0.245734693877551 0.0979047619047619 0.09246938775510205
0 0.0740952380952381 0.8920816326530613 0.05440816326530613 0.11544897959183674
0 0.6933605442176871 0.7836938775510204 0.05987755102040816 0.09769387755102041
0 0.5385714285714286 0.21881632653061225 0.05749659863945578 0.10893877551020409
0 0.8818367346938775 0.042081632653061224 0.08123809523809523 0.04997959183673469
0 0.2775918367346939 0.47900000000000004 0.09979591836734693 0.08657142857142858
0 0.663578231292517 0.2116734693877551 0.06634013605442177 0.10061224489795918
0 0.18663945578231295 0.27391836734693875 0.08178231292517006 0.05822448979591837
0 0.5742176870748299 0.7360816326530613 0.03521088435374149 0.14785714285714285
0 0.3691428571428571 0.24242857142857144 0.0736734693877551 0.08606122448979592
0 0.8911156462585035 0.8239795918367347 0.04016326530612245 0.1146326530612245
0 0.3268979591836735 0.9250408163265306 0.0912517006802721 0.13183673469387755
0 0.3835510204081633 0.5156326530612245 0.08300680272108843 0.06208163265306123
0 0.5136734693877552 0.8078571428571429 0.06336054421768708 0.08624489795918366
0 0.20727891156462586 0.5083061224489795 0.04394557823129251 0.12671428571428572
0 0.5698231292517006 0.04897959183673469 0.027523809523809523 0.09538775510204082
0 0.7202176870748299 0.9353061224489796 0.08361904761904762 0.06591836734693877
0 0.6953061224489796 0.9096734693877552 0.09076190476190475 0.07357142857142857
0 0.7441360544217688 0.06993877551020408 0.044000000000000004 0.1336734693877551
0 0.5566394557823129 0.4053877551020408 0.09331972789115647 0.06981632653061225
0 0.6547891156462585 0.7093469387755101 0.06371428571428571 0.10638775510204082
0 0.0908843537414966 0.5302653061224489 0.060217687074829926 0.0809795918367347
0 0.16161904761904763 0.3473469387755102 0.024095238095238097 0.10446938775510203
0 0.036326530612244896 0.5053673469387755 0.07266666666666666 0.08175510204081633
0 0.6293877551020408 0.8781836734693877 0.06658503401360544 0.06642857142857142
0 0.01057142857142857 0.3933061224489796 0.021129251700680272 0.13779591836734692
0 0.6923809523809523 0.6514897959183674 0.08477551020408164 0.056857142857142856
0 0.8139591836734694 0.9016122448979592 0.03216326530612245 0.07648979591836734
0 0.4753469387755102 0.3519387755102041 0.06176870748299319 0.07936734693877551
0 0.03481632653061224 0.568734693877551 0.06903401360544217 0.11563265306122449
0 0.8710884353741497 0.20361224489795918 0.05145578231292517 0.10657142857142857
0 0.9388979591836735 0.5885102040816327 0.1221904761904762 0.12377551020408163
0 0.16454421768707483 0.037693877551020404 0.04868027210884354 0.07259183673469388
0 0.9252925170068028 0.4281020408163266 0.07738775510204082 0.12057142857142857
0 0.5620136054421768 0.3140204081632653 0.07434013605442177 0.08451020408163265
0 0.9521496598639456 0.8291020408163265 0.09319727891156462 0.12122448979591836
0 0.04046258503401361 0.38671428571428573 0.05582312925170068 0.09538775510204082
0 0.2959047619047619 0.10024489795918366 0.05234013605442177 0.09316326530612244
0 0.47606802721088437 0.2199183673469388 0.029877551020408163 0.12653061224489795
0 0.7665986394557823 0.046387755102040816 0.0431156462585034 0.09277551020408163
0 0.4597142857142857 0.8891632653061224 0.07250340136054421 0.09787755102040817
0 0.6127891156462585 0.2433469387755102 0.06891156462585034 0.09630612244897958
0 0.04107482993197279 0.08912244897959185 0.07238095238095238 0.07851020408163265
0 0.6591836734693878 0.048612244897959185 0.03985034013605442 0.08981632653061224
0 0.33129251700680273 0.0940204081632653 0.042081632653061224 0.08469387755102041
0 0.8833061224489797 0.7646530612244898 0.09417687074829932 0.06057142857142857
0 0.9721360544217686 0.7338775510204082 0.05574149659863945 0.09877551020408162
0 0.3591292517006802 0.5749591836734694 0.030965986394557825 0.0883469387755102
0 0.5209931972789116 0.9741224489795918 0.09704761904761905 0.04916326530612245
0 0.2161904761904762 0.9631428571428572 0.07031292517006803 0.04106122448979592
0 0.40722448979591835 0.6390408163265306 0.09484353741496598 0.08326530612244898
0 0.33617687074829933 0.7602448979591836 0.08508843537414966 0.1843877551020408
0 0.10742857142857141 0.43506122448979595 0.039700680272108844 0.10171428571428572
0 0.4084489795918367 0.6855510204081633 0.08819047619047618 0.07085714285714285
0 0.308843537414966 0.3572448979591837 0.058993197278911565 0.14328571428571427
0 0.46459863945578234 0.9411632653061225 0.06994557823129251 0.09316326530612244
0 0.36035374149659866 0.08867346938775511 0.053795918367346936 0.10683673469387756
0 0.6650340136054422 0.11481632653061224 0.07318367346938776 0.05442857142857143
0 0.8789115646258503 0.6511224489795918 0.04485714285714285 0.09383673469387754
0 0.6069387755102041 0.09316326530612244 0.07306122448979592 0.12763265306122448
0 0.37842176870748295 0.1600408163265306 0.06982312925170069 0.11416326530612245
0 0.0585578231292517 0.030367346938775512 0.08587755102040816 0.05410204081632653
0 0.19127891156462584 0.06326530612244897 0.05440816326530613 0.12295918367346939
0 0.5068299319727891 0.25726530612244897 0.03643537414965987 0.07438775510204082
0 0.6894557823129251 0.854 0.10174149659863946 0.04997959183673469
0 0.5966802721088436 0.7463469387755102 0.022081632653061223 0.13614285714285712
0 0.06371428571428571 0.4273673469387755 0.049768707482993196 0.10638775510204082
0 0.4428707482993197 0.9671224489795918 0.061306122448979594 0.06577551020408162
0 0.6474557823129251 0.47753061224489796 0.07227210884353741 0.05310204081632653
0 0.7885714285714286 0.26824489795918366 0.04345578231292517 0.10775510204081631
0 0.832517006802721 0.4200408163265306 0.06152380952380952 0.08963265306122449
0 0.9638639455782314 0.034530612244897965 0.06768707482993197 0.058367346938775516
0 0.26659863945578227 0.9257755102040817 0.07586394557823128 0.09228571428571428
0 0.5459047619047619 0.47022448979591835 0.029374149659863947 0.06893877551020408
0 0.48389115646258507 0.03126530612244898 0.07848979591836734 0.06183673469387755
0 0.5849659863945578 0.628061224489796 0.06621768707482993 0.10977551020408163
0 0.21936054421768705 0.6394081632653061 0.06042176870748299 0.14685714285714285
0 0.9291972789115647 0.487795918367347 0.05243537414965986 0.103
0 0.9638639455782314 0.9477551020408163 0.07006802721088436 0.09538775510204082
0 0.9668027210884355 0.2894897959183673 0.04733333333333333 0.05748979591836735
0 0.431156462585034 0.4650816326530612 0.07421768707482992 0.05638775510204081
0 0.1704081632653061 0.1220408163265306 0.06243537414965986 0.07563265306122449
0 0.414312925170068 0.7822244897959184 0.07476190476190477 0.10391836734693878
0 0.8203129251700679 0.9550816326530612 0.03429931972789116 0.08142857142857142
0 0.952639455782313 0.15079591836734693 0.03802721088435374 0.07877551020408163
0 0.9731428571428571 0.24975510204081633 0.04263945578231292 0.05077551020408163
0 0.3032244897959184 0.17157142857142857 0.09155102040816328 0.07951020408163266
0 0.628421768707483 0.9169999999999999 0.054285714285714284 0.06091836734693878
0 0.503904761904762 0.19793877551020408 0.03942857142857143 0.07997959183673468
0 0.6545442176870748 0.6277959183673469 0.08828571428571429 0.0616530612244898
0 0.38696598639455787 0.5668979591836734 0.07463945578231293 0.10602040816326531
0 0.08342857142857144 0.4742448979591837 0.03881632653061225 0.08469387755102041
0 0.9028299319727892 0.7042244897959183 0.02908843537414966 0.07273469387755102
0 0.1405034013605442 0.07008163265306123 0.0664625850340136 0.04916326530612245
0 0.9233333333333333 0.08481632653061225 0.029142857142857144 0.05704081632653061
0 0.9779047619047619 0.09593877551020408 0.04419047619047618 0.08024489795918367
0 0.39965986394557823 0.7188775510204082 0.08020408163265307 0.05693877551020408
0 0.6811564625850339 0.17448979591836736 0.0899047619047619 0.0703673469387755
0 0.16466666666666666 0.5401632653061225 0.05282993197278912 0.08702040816326531
0 0.5708027210884354 0.9506734693877551 0.08899319727891156 0.05946938775510204
0 0.6264625850340136 0.19757142857142856 0.055210884353741496 0.08948979591836735
0 0.8994149659863946 0.5306326530612244 0.04053061224489796 0.05653061224489796
0 0.7534149659863946 0.8210408163265306 0.03768707482993197 0.0506734693877551
0 0.4155238095238096 0.4910816326530612 0.0891156462585034 0.05736734693877551
0 0.8500952380952381 0.017469387755102043 0.06903401360544217 0.034204081632653066
0 0.01710204081632653 0.12359183673469389 0.03348299319727891 0.0656530612244898
0 0.7226530612244898 0.7020204081632653 0.04183673469387755 0.06455102040816327
0 0.6250068027210884 0.9737551020408163 0.10931972789115646 0.052489795918367346
0 0.18737414965986393 0.1983061224489796 0.10229931972789115 0.09969387755102041
0 0.6622585034013605 0.5500816326530613 0.10333333333333333 0.11577551020408162