7 0.5611814345991561 0.48118668596237335 0.16877637130801687 0.1085383502170767
7 0.4989451476793249 0.695369030390738 0.2088607594936709 0.060781476121562955
7 0.4177215189873418 0.8118668596237337 0.20042194092827004 0.06222865412445731
7 0.4651898734177215 0.7134587554269175 0.20675105485232068 0.08104196816208394
7 0.5717299578059072 0.8285094066570188 0.16033755274261605 0.10998552821997105
7 0.39135021097046413 0.6049204052098408 0.20253164556962025 0.07670043415340087
7 0.4272151898734177 0.3654124457308249 0.1751054852320675 0.11577424023154848
7 0.37341772151898733 0.4507959479015919 0.20253164556962025 0.07091172214182344
7 0.5833333333333334 0.5803183791606368 0.16033755274261605 0.10130246020260492
7 0.7046413502109705 0.5195369030390738 0.15822784810126583 0.07091172214182344
7 0.619198312236287 0.6968162083936325 0.08227848101265822 0.11577424023154848
7 0.25316455696202533 0.4399421128798842 0.12869198312236288 0.12011577424023155
7 0.2869198312236287 0.5615050651230101 0.11814345991561181 0.11143270622286541
7 0.629746835443038 0.3704775687409551 0.1940928270042194 0.1085383502170767
7 0.7478902953586498 0.6881331403762663 0.1751054852320675 0.2503617945007236
7 0.32489451476793246 0.7590448625180898 0.17932489451476794 0.07814761215629522
7 0.5274261603375527 0.24529667149059334 0.19198312236286919 0.11722141823444283
7 0.790084388185654 0.38060781476121563 0.13924050632911392 0.12156295224312591
7 0.2510548523206751 0.8277858176555717 0.20675105485232068 0.12156295224312591
7 0.70042194092827 0.8314037626628076 0.14767932489451477 0.06657018813314038