5 0.6476793248945147 0.9180790960451978 0.2805907172995781 0.11440677966101695
5 0.5949367088607594 0.780367231638418 0.1962025316455696 0.15254237288135594
5 0.4008438818565401 0.8820621468926554 0.21940928270042195 0.1483050847457627
5 0.189873417721519 0.9011299435028248 0.189873417721519 0.1059322033898305
5 0.17827004219409281 0.7266949152542372 0.18565400843881857 0.096045197740113
5 0.41877637130801687 0.7372881355932204 0.12025316455696203 0.134180790960452
5 0.3755274261603376 0.7330508474576272 0.12658227848101267 0.1370056497175141
5 0.5137130801687764 0.6864406779661016 0.10548523206751055 0.10310734463276836
5 0.08016877637130802 0.8778248587570622 0.16033755274261605 0.12146892655367232
5 0.16666666666666666 0.8043785310734464 0.2890295358649789 0.07344632768361582
5 0.5759493670886076 0.2874293785310734 0.21940928270042195 0.14548022598870056
5 0.47151898734177217 0.2782485875706215 0.006329113924050633 0.009887005649717515
5 0.7616033755274262 0.2422316384180791 0.3459915611814346 0.21610169491525424
5 0.8997890295358649 0.1730225988700565 0.20042194092827004 0.18220338983050846
5 0.8407172995780591 0.5875706214689266 0.16666666666666666 0.134180790960452
5 0.7869198312236287 0.4449152542372881 0.310126582278481 0.13135593220338984
5 0.9388185654008439 0.8545197740112994 0.12236286919831224 0.1327683615819209
5 0.9514767932489452 0.7069209039548022 0.0970464135021097 0.12146892655367232
5 0.6561181434599156 0.6567796610169492 0.1518987341772152 0.14548022598870056
5 0.7616033755274262 0.759180790960452 0.17721518987341772 0.14124293785310735