5 0.8224101479915433 0.44603174603174606 0.06765327695560254 0.1111111111111111
5 0.904862579281184 0.573015873015873 0.080338266384778 0.0761904761904762
5 0.8171247357293869 0.4142857142857143 0.05919661733615222 0.08253968253968254
5 0.8921775898520085 0.1523809523809524 0.07399577167019028 0.13333333333333333
5 0.7389006342494715 0.2492063492063492 0.080338266384778 0.07301587301587302
5 0.5063424947145877 0.36984126984126986 0.04439746300211417 0.08253968253968254
5 0.642706131078224 0.4603174603174603 0.08668076109936575 0.11428571428571428
5 0.5560253699788583 0.5190476190476191 0.0613107822410148 0.09841269841269841
5 0.4608879492600423 0.3142857142857143 0.07399577167019028 0.10476190476190476
5 0.6226215644820295 0.06031746031746032 0.10782241014799154 0.12063492063492064
5 0.8361522198731501 0.1126984126984127 0.052854122621564484 0.11746031746031746
5 0.9175475687103594 0.2984126984126984 0.08668076109936575 0.10476190476190476
5 0.7251585623678647 0.7904761904761904 0.09302325581395349 0.13333333333333333
5 0.9006342494714588 0.7047619047619048 0.12050739957716702 0.1111111111111111
5 0.6469344608879493 0.6587301587301587 0.07188160676532769 0.07301587301587302
5 0.7145877378435518 0.6476190476190476 0.080338266384778 0.12063492063492064
5 0.9545454545454546 0.9396825396825397 0.09090909090909091 0.12063492063492064
5 0.5972515856236786 0.973015873015873 0.12896405919661733 0.05396825396825397
5 0.5084566596194503 0.8539682539682539 0.080338266384778 0.11746031746031746
5 0.645877378435518 0.773015873015873 0.1014799154334038 0.08253968253968254
5 0.35412262156448204 0.638095238095238 0.09090909090909091 0.16825396825396827
5 0.25898520084566595 0.5698412698412698 0.08668076109936575 0.12698412698412698
5 0.08773784355179703 0.2507936507936508 0.17547568710359407 0.18095238095238095
5 0.23784355179704017 0.35079365079365077 0.1014799154334038 0.12698412698412698
5 0.05391120507399577 0.44761904761904764 0.10782241014799154 0.21587301587301588
5 0.15644820295983086 0.5777777777777777 0.0824524312896406 0.17142857142857143
5 0.05496828752642706 0.792063492063492 0.10993657505285412 0.14285714285714285
5 0.05708245243128964 0.9317460317460318 0.11416490486257928 0.1365079365079365
5 0.1511627906976744 0.9333333333333333 0.09302325581395349 0.13333333333333333
5 0.3477801268498943 0.8666666666666667 0.05708245243128964 0.2126984126984127
5 0.2441860465116279 0.7825396825396825 0.1226215644820296 0.1746031746031746
5 0.41331923890063427 0.8047619047619048 0.06765327695560254 0.16507936507936508
5 0.36363636363636365 0.0873015873015873 0.12050739957716702 0.16507936507936508
5 0.25898520084566595 0.15714285714285714 0.13107822410147993 0.19047619047619047
5 0.5095137420718816 0.16507936507936508 0.12684989429175475 0.18095238095238095
5 0.6173361522198731 0.20952380952380953 0.05919661733615222 0.1523809523809524
5 0.6131078224101479 0.34285714285714286 0.0613107822410148 0.06666666666666667