10 0.811533094961432 0.6142027458492592 0.12939530384691456 0.2303825637660505
10 0.6565095925632911 0.36672759613288125 0.13319068618967564 0.24334288757826253
10 0.17163613878724948 0.6279205877110337 0.1151004582014768 0.2582825816720675
10 0.4281206734572785 0.3752270862803622 0.10203687450553797 0.24325202412322447
10 0.3051477102287711 0.3558900314619765 0.10021959779634758 0.269763461361453
10 0.4389568602485496 0.6153206885605548 0.11991000276074631 0.23112965837110966
10 0.8168247399953851 0.3665538599570931 0.17539057349353904 0.2537376027266863
10 0.18551172184038767 0.370361328125 0.12798029259790347 0.2418212890625
10 0.5588147127175633 0.60205078125 0.13134533845925633 0.198974609375
10 0.3119723163073576 0.62890625 0.11994760247725475 0.250244140625
10 0.5423151330102848 0.361572265625 0.1051305457006527 0.2469482421875
10 0.6903771509098101 0.70556640625 0.1104494891589201 0.12890625
10 0.6838641589200949 0.57373046875 0.1039364971692049 0.1444091796875