1 0.0784313725490196 0.8324873096446701 0.10980392156862745 0.2436548223350254
1 0.18235294117647058 0.8299492385786802 0.11372549019607843 0.2233502538071066
1 0.27450980392156865 0.8350253807106599 0.09019607843137255 0.2182741116751269
1 0.36666666666666664 0.8197969543147208 0.09019607843137255 0.2182741116751269
1 0.44509803921568625 0.8375634517766497 0.11764705882352941 0.2131979695431472
1 0.5450980392156862 0.8375634517766497 0.08235294117647059 0.20304568527918782
1 0.6313725490196078 0.8426395939086294 0.09803921568627451 0.22842639593908629
1 0.7254901960784313 0.8375634517766497 0.09019607843137255 0.2131979695431472
1 0.8156862745098039 0.8375634517766497 0.09019607843137255 0.2131979695431472
1 0.9196078431372549 0.8274111675126904 0.08627450980392157 0.20812182741116753
1 0.8862745098039215 0.5888324873096447 0.10588235294117647 0.25888324873096447
1 0.7803921568627451 0.6243654822335025 0.09019607843137255 0.20812182741116753
1 0.12352941176470589 0.6243654822335025 0.10980392156862745 0.233502538071066
1 0.21176470588235294 0.616751269035533 0.0784313725490196 0.23857868020304568
1 0.29411764705882354 0.6395939086294417 0.09019607843137255 0.23857868020304568
1 0.1392156862745098 0.3934010152284264 0.12549019607843137 0.25380710659898476
1 0.28823529411764703 0.15228426395939088 0.11372549019607843 0.22842639593908629
1 0.403921568627451 0.16751269035532995 0.09411764705882353 0.25888324873096447
1 0.4980392156862745 0.16243654822335024 0.09803921568627451 0.23857868020304568
1 0.596078431372549 0.1802030456852792 0.09411764705882353 0.25380710659898476
1 0.7098039215686275 0.17766497461928935 0.11764705882352941 0.233502538071066