12 0.33163265306122447 0.17704280155642024 0.15306122448979592 0.3463035019455253
12 0.336734693877551 0.45330739299610895 0.11224489795918367 0.22178988326848248
12 0.3239795918367347 0.7120622568093385 0.16326530612244897 0.2918287937743191
12 0.32142857142857145 0.9105058365758755 0.15816326530612246 0.07392996108949416
12 0.05357142857142857 0.9007782101167315 0.10714285714285714 0.09727626459143969
12 0.6147959183673469 0.8190661478599222 0.14795918367346939 0.2490272373540856
12 0.6428571428571429 0.5019455252918288 0.17857142857142858 0.311284046692607
12 0.6301020408163265 0.22568093385214008 0.1836734693877551 0.20622568093385213
12 0.04846938775510204 0.6673151750972762 0.09693877551020408 0.3229571984435798
12 0.07397959183673469 0.301556420233463 0.14795918367346939 0.4046692607003891
12 0.9209183673469388 0.867704280155642 0.15816326530612246 0.22178988326848248
12 0.9158163265306123 0.6770428015564203 0.14285714285714285 0.13618677042801555
12 0.9158163265306123 0.48638132295719844 0.14285714285714285 0.2178988326848249
12 0.9005102040816326 0.2490272373540856 0.16326530612244897 0.23346303501945526