24 0.6447876447876448 0.8092783505154639 0.28957528957528955 0.26804123711340205
24 0.6718146718146718 0.5463917525773195 0.13127413127413126 0.11855670103092783
24 0.8783783783783784 0.75 0.2084942084942085 0.16494845360824742
24 0.555984555984556 0.23711340206185566 0.17374517374517376 0.12371134020618557
24 0.13513513513513514 0.21649484536082475 0.13127413127413126 0.0979381443298969
24 0.23938223938223938 0.9201030927835051 0.1969111969111969 0.1134020618556701
24 0.277992277992278 0.7603092783505154 0.29343629343629346 0.12886597938144329
24 0.2857142857142857 0.6520618556701031 0.22007722007722008 0.10309278350515463
24 0.4922779922779923 0.4845360824742268 0.19305019305019305 0.15463917525773196
24 0.5444015444015444 0.38402061855670105 0.2277992277992278 0.1134020618556701
24 0.22393822393822393 0.5412371134020618 0.16602316602316602 0.09278350515463918
24 0.12548262548262548 0.38402061855670105 0.11969111969111969 0.19072164948453607
24 0.06177606177606178 0.7164948453608248 0.12355212355212356 0.10309278350515463
24 0.2915057915057915 0.29896907216494845 0.16216216216216217 0.19072164948453607
24 0.8918918918918919 0.49226804123711343 0.07335907335907337 0.15463917525773196
24 0.6756756756756757 0.4381443298969072 0.12355212355212356 0.14948453608247422