23 0.19754768392370572 0.38686131386861317 0.17166212534059946 0.6423357664233577
23 0.6389645776566758 0.5912408759124088 0.22070844686648503 0.6423357664233577
23 0.7861035422343324 0.27007299270072993 0.17166212534059946 0.5401459854014599
23 0.3228882833787466 0.8759124087591241 0.1008174386920981 0.24817518248175183
23 0.16212534059945505 0.927007299270073 0.10626702997275204 0.145985401459854
23 0.44550408719346046 0.8795620437956204 0.07356948228882834 0.24087591240875914
23 0.3787465940054496 0.5291970802919708 0.10899182561307902 0.38686131386861317
23 0.3528610354223433 0.12043795620437957 0.1444141689373297 0.24087591240875914
23 0.47275204359673023 0.26277372262773724 0.04904632152588556 0.21897810218978103
23 0.547683923705722 0.13503649635036497 0.06267029972752043 0.20437956204379562
23 0.6403269754768393 0.06934306569343066 0.07901907356948229 0.1386861313868613
23 0.4659400544959128 0.4708029197080292 0.035422343324250684 0.10948905109489052