24 0.9333333333333333 0.7619047619047619 0.11333333333333333 0.47619047619047616
24 0.9383333333333334 0.2708333333333333 0.11 0.48214285714285715
24 0.41333333333333333 0.1875 0.24 0.26785714285714285
24 0.12833333333333333 0.19642857142857142 0.09666666666666666 0.20238095238095238
24 0.10833333333333334 0.5148809523809523 0.12 0.3392857142857143
24 0.5466666666666666 0.6696428571428571 0.08666666666666667 0.47619047619047616
24 0.83 0.8303571428571429 0.056666666666666664 0.3392857142857143
24 0.8183333333333334 0.5952380952380952 0.10666666666666667 0.13690476190476192
24 0.34 0.4523809523809524 0.22333333333333333 0.08928571428571429
24 0.235 0.22023809523809523 0.11 0.15476190476190477
24 0.07 0.7648809523809523 0.14 0.4226190476190476
24 0.45666666666666667 0.9285714285714286 0.23 0.14285714285714285
24 0.5883333333333334 0.38392857142857145 0.2633333333333333 0.19047619047619047
24 0.8033333333333333 0.3958333333333333 0.22333333333333333 0.2976190476190476
24 0.6016666666666667 0.18154761904761904 0.15333333333333332 0.16071428571428573
24 0.77 0.09523809523809523 0.19666666666666666 0.14285714285714285
24 0.7933333333333333 0.20833333333333334 0.20666666666666667 0.08928571428571429