24 0.05361596009975062 0.48412698412698413 0.08728179551122195 0.8571428571428571
24 0.15336658354114713 0.4722222222222222 0.06733167082294264 0.8650793650793651
24 0.243142144638404 0.42857142857142855 0.0773067331670823 0.746031746031746
24 0.327930174563591 0.4365079365079365 0.07231920199501247 0.7936507936507936
24 0.4164588528678304 0.44047619047619047 0.07481296758104738 0.7380952380952381
24 0.5074812967581047 0.5158730158730159 0.0773067331670823 0.8888888888888888
24 0.5860349127182045 0.5119047619047619 0.09975062344139651 0.8492063492063492
24 0.683291770573566 0.47619047619047616 0.06982543640897755 0.8412698412698413
24 0.7630922693266833 0.503968253968254 0.07481296758104738 0.8809523809523809
24 0.8615960099750624 0.4246031746031746 0.06733167082294264 0.7222222222222222
24 0.9501246882793017 0.49603174603174605 0.09476309226932668 0.8174603174603174