24 0.5457875457875457 0.6081081081081081 0.12087912087912088 0.1945945945945946
24 0.5146520146520146 0.7675675675675676 0.13186813186813187 0.20540540540540542
24 0.3772893772893773 0.727027027027027 0.1391941391941392 0.24324324324324326
24 0.43223443223443225 0.5432432432432432 0.10989010989010989 0.1945945945945946
24 0.2948717948717949 0.5972972972972973 0.1391941391941392 0.20540540540540542
24 0.2765567765567766 0.4297297297297297 0.14285714285714285 0.17297297297297298
24 0.32051282051282054 0.3 0.10256410256410256 0.15135135135135136
24 0.38278388278388276 0.42162162162162165 0.08791208791208792 0.15675675675675677
24 0.4065934065934066 0.20540540540540542 0.10989010989010989 0.1783783783783784
24 0.63003663003663 0.7162162162162162 0.0989010989010989 0.20540540540540542
24 0.4945054945054945 0.4486486486486487 0.1282051282051282 0.16756756756756758
24 0.46886446886446886 0.2864864864864865 0.08791208791208792 0.13513513513513514
24 0.5054945054945055 0.21081081081081082 0.10989010989010989 0.20540540540540542
24 0.7161172161172161 0.6216216216216216 0.09523809523809523 0.21621621621621623
24 0.6336996336996337 0.5378378378378378 0.10622710622710622 0.24864864864864866
24 0.5842490842490843 0.35135135135135137 0.11721611721611722 0.15675675675675677
24 0.6153846153846154 0.21081081081081082 0.09157509157509157 0.1837837837837838
24 0.6959706959706959 0.2972972972972973 0.14652014652014653 0.21621621621621623
24 0.7362637362637363 0.45675675675675675 0.14285714285714285 0.16216216216216217