24 0.06159420289855073 0.4713114754098361 0.0748792270531401 0.9016393442622951
24 0.15096618357487923 0.4672131147540984 0.08454106280193237 0.8852459016393442
24 0.24758454106280192 0.45081967213114754 0.0821256038647343 0.8852459016393442
24 0.33695652173913043 0.48360655737704916 0.07004830917874397 0.9098360655737705
24 0.42028985507246375 0.3319672131147541 0.06763285024154589 0.6229508196721312
24 0.5060386473429952 0.4672131147540984 0.07004830917874397 0.8688524590163934
24 0.5942028985507246 0.47950819672131145 0.07246376811594203 0.9098360655737705
24 0.6799516908212561 0.47950819672131145 0.0821256038647343 0.9180327868852459
24 0.7705314009661836 0.47540983606557374 0.0748792270531401 0.9426229508196722
24 0.8623188405797102 0.4713114754098361 0.07004830917874397 0.9262295081967213
24 0.9468599033816425 0.5081967213114754 0.0748792270531401 0.9754098360655737