24 0.09367088607594937 0.4881889763779528 0.09620253164556962 0.9291338582677166
24 0.1848101265822785 0.65748031496063 0.060759493670886074 0.6535433070866141
24 0.25316455696202533 0.7165354330708661 0.05569620253164557 0.5669291338582677
24 0.3227848101265823 0.5196850393700787 0.08354430379746836 0.9133858267716536
24 0.40253164556962023 0.6259842519685039 0.05569620253164557 0.6692913385826772
24 0.46835443037974683 0.7007874015748031 0.05569620253164557 0.4566929133858268
24 0.5443037974683544 0.5039370078740157 0.08607594936708861 0.9133858267716536
24 0.6253164556962025 0.6181102362204725 0.05569620253164557 0.7637795275590551
24 0.6848101265822785 0.7283464566929134 0.05822784810126582 0.49606299212598426
24 0.7506329113924051 0.5354330708661418 0.06835443037974684 0.9291338582677166
24 0.8316455696202532 0.6377952755905512 0.06835443037974684 0.6929133858267716
24 0.9075949367088607 0.6968503937007874 0.07848101265822785 0.48031496062992124