1 0.14054054054054055 0.16727941176470587 0.1945945945945946 0.2977941176470588
1 0.3567567567567568 0.15992647058823528 0.1945945945945946 0.3125
1 0.581081081081081 0.17647058823529413 0.22162162162162163 0.3382352941176471
1 0.8486486486486486 0.17279411764705882 0.24864864864864866 0.3088235294117647
1 0.1783783783783784 0.49816176470588236 0.2702702702702703 0.34191176470588236
1 0.5027027027027027 0.5073529411764706 0.2918918918918919 0.3382352941176471
1 0.8081081081081081 0.5128676470588235 0.2756756756756757 0.31985294117647056
1 0.13243243243243244 0.8400735294117647 0.24324324324324326 0.31985294117647056
1 0.3864864864864865 0.8363970588235294 0.23783783783783785 0.3088235294117647
1 0.6324324324324324 0.84375 0.23243243243243245 0.3125
1 0.8837837837837837 0.8455882352941176 0.23243243243243245 0.3088235294117647