23 0.8011583011583011 0.8762886597938144 0.1776061776061776 0.24742268041237114
23 0.17953667953667954 0.5309278350515464 0.27413127413127414 0.37628865979381443
23 0.14864864864864866 0.7938144329896907 0.23938223938223938 0.28865979381443296
23 0.22393822393822393 0.8969072164948454 0.18532818532818532 0.20618556701030927
23 0.4864864864864865 0.8891752577319587 0.1776061776061776 0.22164948453608246
23 0.36486486486486486 0.8685567010309279 0.16988416988416988 0.25773195876288657
23 0.37065637065637064 0.6469072164948454 0.16988416988416988 0.32989690721649484
23 0.4343629343629344 0.15979381443298968 0.1891891891891892 0.27319587628865977
23 0.6312741312741312 0.17010309278350516 0.13127413127413126 0.30927835051546393
23 0.7586872586872587 0.17525773195876287 0.138996138996139 0.3402061855670103
23 0.5733590733590733 0.5876288659793815 0.21235521235521235 0.26804123711340205
23 0.6042471042471043 0.7783505154639175 0.18146718146718147 0.3556701030927835
23 0.7393822393822393 0.6417525773195877 0.10810810810810811 0.20103092783505155
23 0.7760617760617761 0.48711340206185566 0.19305019305019305 0.21649484536082475
23 0.918918918918919 0.17268041237113402 0.16216216216216217 0.3247422680412371
23 0.888030888030888 0.5489690721649485 0.1969111969111969 0.7268041237113402