24 0.3079710144927536 0.5 0.0893719806763285 0.9508196721311475
24 0.213768115942029 0.3524590163934426 0.07729468599033816 0.6885245901639344
24 0.11835748792270531 0.2459016393442623 0.06280193236714976 0.48360655737704916
24 0.033816425120772944 0.21721311475409835 0.06763285024154589 0.4098360655737705
24 0.40458937198067635 0.38524590163934425 0.0748792270531401 0.7704918032786885
24 0.49516908212560384 0.5 0.09178743961352658 0.9508196721311475
24 0.5978260869565217 0.38934426229508196 0.06521739130434782 0.7704918032786885
24 0.6932367149758454 0.48770491803278687 0.09178743961352658 0.9754098360655737
24 0.7741545893719807 0.38524590163934425 0.07004830917874397 0.7704918032786885
24 0.8683574879227053 0.5 0.07729468599033816 1
24 0.9589371980676329 0.3401639344262295 0.06763285024154589 0.680327868852459