7 0.04305799648506151 0.7045454545454546 0.043936731107205626 0.375
7 0.07381370826010544 0.6193181818181818 0.04745166959578207 0.5454545454545454
7 0.11511423550087874 0.5284090909090909 0.0421792618629174 0.7045454545454546
7 0.15992970123022848 0.5056818181818182 0.04569420035149385 0.7840909090909091
7 0.19859402460456943 0.4772727272727273 0.0632688927943761 0.8181818181818182
7 0.29261862917398945 0.48295454545454547 0.050966608084358524 0.8409090909090909
7 0.3383128295254833 0.5284090909090909 0.05272407732864675 0.6590909090909091
7 0.4191564147627416 0.5 0.043936731107205626 0.7840909090909091
7 0.45782073813708263 0.48863636363636365 0.04745166959578207 0.7613636363636364
7 0.5333919156414763 0.4715909090909091 0.03690685413005272 0.8068181818181818
7 0.570298769771529 0.5681818181818182 0.03163444639718805 0.6704545454545454
7 0.6036906854130053 0.625 0.026362038664323375 0.5340909090909091
7 0.6502636203866432 0.5625 0.019332161687170474 0.45454545454545453
7 0.671353251318102 0.45454545454545453 0.02460456942003515 0.6590909090909091
7 0.7003514938488576 0.44886363636363635 0.028119507908611598 0.6590909090909091
7 0.726713532513181 0.5454545454545454 0.02460456942003515 0.4659090909090909