24 0.0665024630541872 0.46774193548387094 0.09113300492610837 0.8790322580645161
24 0.15024630541871922 0.3387096774193548 0.06403940886699508 0.6048387096774194
24 0.23645320197044334 0.3951612903225806 0.07881773399014778 0.7338709677419355
24 0.3263546798029557 0.3225806451612903 0.07635467980295567 0.6290322580645161
24 0.41379310344827586 0.45161290322580644 0.08374384236453201 0.8629032258064516
24 0.5098522167487685 0.47580645161290325 0.08866995073891626 0.9112903225806451
24 0.5899014778325123 0.4435483870967742 0.07389162561576355 0.8064516129032258
24 0.6785714285714286 0.3225806451612903 0.07635467980295567 0.6129032258064516
24 0.7598522167487685 0.3387096774193548 0.07389162561576355 0.6290322580645161
24 0.8460591133004927 0.31048387096774194 0.06896551724137931 0.5887096774193549
24 0.9322660098522167 0.4314516129032258 0.07881773399014778 0.7983870967741935