12 0.44974874371859297 0.7905138339920948 0.12562814070351758 0.3201581027667984
12 0.6381909547738693 0.7984189723320159 0.11557788944723618 0.2766798418972332
12 0.12562814070351758 0.7905138339920948 0.1407035175879397 0.2885375494071146
12 0.2914572864321608 0.4644268774703557 0.09045226130653267 0.2924901185770751
12 0.457286432160804 0.466403162055336 0.11055276381909548 0.2727272727272727
12 0.6231155778894473 0.17193675889328064 0.11055276381909548 0.24110671936758893
12 0.7964824120603015 0.1541501976284585 0.1457286432160804 0.2766798418972332
12 0.12562814070351758 0.1482213438735178 0.10552763819095477 0.26877470355731226
24 0.29396984924623115 0.7984189723320159 0.12562814070351758 0.2727272727272727
24 0.8341708542713567 0.7905138339920948 0.1507537688442211 0.2727272727272727
24 0.8065326633165829 0.48023715415019763 0.12060301507537688 0.2766798418972332
24 0.635678391959799 0.4723320158102767 0.15577889447236182 0.2766798418972332
24 0.2914572864321608 0.16996047430830039 0.135678391959799 0.25691699604743085
24 0.457286432160804 0.16205533596837945 0.1306532663316583 0.25691699604743085
24 0.12562814070351758 0.4743083003952569 0.1407035175879397 0.2766798418972332