24 0.10669456066945607 0.8270142180094787 0.11297071129707113 0.3080568720379147
24 0.25523012552301255 0.8080568720379147 0.11715481171548117 0.3412322274881517
24 0.4100418410041841 0.7203791469194313 0.1589958158995816 0.5118483412322274
24 0.5815899581589958 0.8056872037914692 0.11297071129707113 0.3696682464454976
24 0.7343096234309623 0.7606635071090048 0.13807531380753138 0.4265402843601896
24 0.9037656903765691 0.7037914691943128 0.14644351464435146 0.5545023696682464
24 0.09832635983263599 0.33649289099526064 0.1506276150627615 0.5971563981042654
24 0.26569037656903766 0.16824644549763032 0.12133891213389121 0.26066350710900477
24 0.25523012552301255 0.4597156398104265 0.09623430962343096 0.32701421800947866
24 0.4100418410041841 0.22748815165876776 0.1087866108786611 0.3744075829383886
24 0.5794979079497908 0.3033175355450237 0.13807531380753138 0.5402843601895735
24 0.7468619246861925 0.25118483412322273 0.12133891213389121 0.41706161137440756
24 0.9016736401673641 0.2132701421800948 0.11715481171548117 0.3696682464454976