1 0.1340909090909091 0.19868995633187772 0.16818181818181818 0.33624454148471616
1 0.12727272727272726 0.5021834061135371 0.2 0.28820960698689957
1 0.1318181818181818 0.8078602620087336 0.22272727272727272 0.3231441048034934
1 0.325 0.7903930131004366 0.19545454545454546 0.3231441048034934
1 0.325 0.1812227074235808 0.17272727272727273 0.2925764192139738
1 0.32272727272727275 0.46943231441048033 0.17272727272727273 0.2925764192139738
1 0.5068181818181818 0.17903930131004367 0.17727272727272728 0.31877729257641924
1 0.5068181818181818 0.4847161572052402 0.19545454545454546 0.3406113537117904
1 0.5045454545454545 0.8122270742358079 0.20454545454545456 0.314410480349345
1 0.6977272727272728 0.8100436681222707 0.16818181818181818 0.31004366812227074
1 0.8818181818181818 0.7947598253275109 0.17272727272727273 0.33624454148471616
1 0.6954545454545454 0.4847161572052402 0.17727272727272728 0.314410480349345
1 0.6909090909090909 0.17467248908296942 0.18636363636363637 0.30131004366812225
1 0.8772727272727273 0.1703056768558952 0.20909090909090908 0.29694323144104806
1 0.8795454545454545 0.4672489082969432 0.22727272727272727 0.2925764192139738