24 0.2914364640883978 0.2805755395683453 0.06353591160220995 0.4748201438848921
24 0.3660220994475138 0.2697841726618705 0.0718232044198895 0.5035971223021583
24 0.4544198895027624 0.2733812949640288 0.07458563535911603 0.4676258992805755
24 0.5317679558011049 0.25539568345323743 0.07458563535911603 0.49640287769784175
24 0.6201657458563536 0.26258992805755393 0.08287292817679558 0.4892086330935252
24 0.24447513812154695 0.7517985611510791 0.06077348066298342 0.381294964028777
24 0.18093922651933703 0.7841726618705036 0.06077348066298342 0.35251798561151076
24 0.11187845303867404 0.7446043165467626 0.06077348066298342 0.381294964028777
24 0.05386740331491713 0.7733812949640287 0.055248618784530384 0.30935251798561153
24 0.3080110497237569 0.7553956834532374 0.058011049723756904 0.38848920863309355
24 0.36464088397790057 0.7517985611510791 0.04419889502762431 0.4028776978417266
24 0.04834254143646409 0.3489208633093525 0.055248618784530384 0.3669064748201439
24 0.10220994475138122 0.3129496402877698 0.052486187845303865 0.381294964028777
24 0.16574585635359115 0.32014388489208634 0.052486187845303865 0.39568345323741005
24 0.22790055248618785 0.32014388489208634 0.06353591160220995 0.39568345323741005
24 0.7527624309392266 0.7661870503597122 0.055248618784530384 0.41007194244604317
24 0.4723756906077348 0.7302158273381295 0.04696132596685083 0.4172661870503597