24 0.1 0.5081967213114754 0.12727272727272726 0.34972677595628415
24 0.15818181818181817 0.7786885245901639 0.21818181818181817 0.20218579234972678
24 0.19636363636363635 0.5382513661202186 0.06181818181818182 0.29508196721311475
24 0.31636363636363635 0.6639344262295082 0.08727272727272728 0.33879781420765026
24 0.25272727272727274 0.45081967213114754 0.08363636363636363 0.4371584699453552
24 0.3690909090909091 0.3087431693989071 0.11272727272727273 0.28415300546448086
24 0.39090909090909093 0.6256830601092896 0.08363636363636363 0.3551912568306011
24 0.49272727272727274 0.6366120218579235 0.07636363636363637 0.37158469945355194
24 0.5127272727272727 0.44808743169398907 0.10909090909090909 0.4972677595628415
24 0.6054545454545455 0.6557377049180327 0.09090909090909091 0.3224043715846995
24 0.6709090909090909 0.3879781420765027 0.09818181818181818 0.366120218579235
24 0.6818181818181818 0.7240437158469946 0.08 0.32786885245901637
24 0.7527272727272727 0.6557377049180327 0.08363636363636363 0.30601092896174864
24 0.8290909090909091 0.825136612021858 0.19636363636363635 0.18032786885245902
24 0.8763636363636363 0.4781420765027322 0.18545454545454546 0.5081967213114754