1 0.9381270903010034 0.7053571428571429 0.09364548494983277 0.38095238095238093
1 0.8294314381270903 0.6964285714285714 0.10033444816053512 0.3630952380952381
1 0.7140468227424749 0.6875 0.10033444816053512 0.39285714285714285
1 0.596989966555184 0.6994047619047619 0.11371237458193979 0.39285714285714285
1 0.4882943143812709 0.6845238095238095 0.10702341137123746 0.38095238095238093
1 0.27759197324414714 0.6994047619047619 0.10033444816053512 0.35714285714285715
1 0.3862876254180602 0.7023809523809523 0.08695652173913043 0.36904761904761907
1 0.16387959866220736 0.7023809523809523 0.11036789297658862 0.36904761904761907
1 0.051839464882943144 0.6904761904761905 0.10367892976588629 0.35714285714285715
1 0.061872909698996656 0.2261904761904762 0.11036789297658862 0.375
1 0.1688963210702341 0.23511904761904762 0.11705685618729098 0.3630952380952381
1 0.2826086956521739 0.2261904761904762 0.10367892976588629 0.3869047619047619
1 0.39464882943143814 0.22916666666666666 0.10367892976588629 0.3392857142857143
1 0.5083612040133779 0.24107142857142858 0.11036789297658862 0.3630952380952381
1 0.6187290969899666 0.23809523809523808 0.10367892976588629 0.3630952380952381
1 0.7290969899665551 0.23511904761904762 0.11036789297658862 0.375
1 0.9481605351170569 0.2261904761904762 0.0903010033444816 0.375
1 0.8394648829431438 0.24107142857142858 0.10367892976588629 0.35119047619047616