25 0.6274131274131274 0.8556701030927835 0.28957528957528955 0.20618556701030927
25 0.12355212355212356 0.5902061855670103 0.2471042471042471 0.14948453608247422
25 0.7104247104247104 0.6443298969072165 0.1776061776061776 0.1958762886597938
25 0.18532818532818532 0.8994845360824743 0.2548262548262548 0.20103092783505155
25 0.3552123552123552 0.6649484536082474 0.16216216216216217 0.29896907216494845
25 0.4034749034749035 0.3634020618556701 0.11969111969111969 0.17010309278350516
25 0.5444015444015444 0.46134020618556704 0.14671814671814673 0.2422680412371134
25 0.527027027027027 0.18298969072164947 0.11969111969111969 0.18041237113402062
25 0.8745173745173745 0.8917525773195877 0.16602316602316602 0.20618556701030927
25 0.8088803088803089 0.7242268041237113 0.14285714285714285 0.15979381443298968
25 0.2413127413127413 0.38917525773195877 0.11196911196911197 0.13917525773195877
25 0.08687258687258688 0.3556701030927835 0.16602316602316602 0.14432989690721648
25 0.4305019305019305 0.8711340206185567 0.1891891891891892 0.23711340206185566
25 0.8127413127413128 0.42783505154639173 0.10424710424710425 0.14432989690721648