24 0.05375 0.49206349206349204 0.085 0.8650793650793651
24 0.145 0.4801587301587302 0.08 0.8253968253968254
24 0.2375 0.47619047619047616 0.0775 0.8571428571428571
24 0.325 0.49603174603174605 0.08 0.873015873015873
24 0.41875 0.49603174603174605 0.0825 0.8968253968253969
24 0.505 0.5119047619047619 0.08 0.9047619047619048
24 0.59375 0.48412698412698413 0.0725 0.873015873015873
24 0.68375 0.5 0.0875 0.8809523809523809
24 0.77125 0.4880952380952381 0.085 0.8888888888888888
24 0.86 0.4880952380952381 0.08 0.8571428571428571
24 0.95 0.47619047619047616 0.075 0.873015873015873