23 0.8478260869565217 0.2767857142857143 0.09698996655518395 0.11904761904761904
23 0.7224080267558528 0.5386904761904762 0.0903010033444816 0.14285714285714285
23 0.7558528428093646 0.41369047619047616 0.056856187290969896 0.07738095238095238
23 0.6622073578595318 0.38392857142857145 0.04013377926421405 0.07142857142857142
23 0.7006688963210702 0.35119047619047616 0.05016722408026756 0.08928571428571429
23 0.7224080267558528 0.25 0.056856187290969896 0.09523809523809523
23 0.7792642140468228 0.19940476190476192 0.05351170568561873 0.08928571428571429
23 0.8127090301003345 0.10714285714285714 0.056856187290969896 0.10119047619047619
23 0.8645484949832776 0.16666666666666666 0.0903010033444816 0.125
23 0.9531772575250836 0.4166666666666667 0.06354515050167224 0.08333333333333333
23 0.9464882943143813 0.5029761904761905 0.056856187290969896 0.13095238095238096
23 0.8779264214046822 0.6309523809523809 0.08361204013377926 0.10714285714285714
23 0.45652173913043476 0.8630952380952381 0.1605351170568562 0.20833333333333334
23 0.5735785953177257 0.6279761904761905 0.09364548494983277 0.11904761904761904
23 0.8645484949832776 0.7708333333333334 0.13377926421404682 0.17261904761904762
23 0.7441471571906354 0.9255952380952381 0.14715719063545152 0.1488095238095238
23 0.5267558528428093 0.3482142857142857 0.07357859531772576 0.08333333333333333
23 0.36789297658862874 0.6845238095238095 0.09364548494983277 0.11904761904761904
23 0.3093645484949833 0.7708333333333334 0.10033444816053512 0.13095238095238096
23 0.06856187290969899 0.6964285714285714 0.12374581939799331 0.2261904761904762
23 0.24749163879598662 0.5327380952380952 0.0802675585284281 0.17857142857142858
23 0.13377926421404682 0.1636904761904762 0.07692307692307693 0.17261904761904762