1 0.7806122448979592 0.8157894736842105 0.391156462585034 0.3684210526315789
1 0.3758503401360544 0.9210526315789473 0.3707482993197279 0.15789473684210525
1 0.27380952380952384 0.7426900584795322 0.391156462585034 0.4444444444444444
1 0.1836734693877551 0.5292397660818714 0.3129251700680272 0.34502923976608185
1 0.12585034013605442 0.30701754385964913 0.19727891156462585 0.30994152046783624
1 0.3282312925170068 0.19298245614035087 0.24149659863945577 0.14035087719298245
1 0.4166666666666667 0.30116959064327486 0.30272108843537415 0.2046783625730994
1 0.5391156462585034 0.47368421052631576 0.41836734693877553 0.29239766081871343
1 0.5221088435374149 0.11988304093567251 0.17346938775510204 0.18128654970760233
1 0.6292517006802721 0.1871345029239766 0.2925170068027211 0.17543859649122806
1 0.826530612244898 0.32456140350877194 0.2653061224489796 0.2631578947368421
1 0.8996598639455783 0.5672514619883041 0.20068027210884354 0.21052631578947367
1 0.7636054421768708 0.07309941520467836 0.3163265306122449 0.14619883040935672