24 0.04697986577181208 0.43805309734513276 0.06263982102908278 0.7699115044247787
24 0.13870246085011187 0.47345132743362833 0.06935123042505593 0.8761061946902655
24 0.22706935123042504 0.4690265486725664 0.058165548098434 0.8230088495575221
24 0.31543624161073824 0.4424778761061947 0.07158836689038031 0.8141592920353983
24 0.4116331096196868 0.41150442477876104 0.06263982102908278 0.7610619469026548
24 0.4988814317673378 0.4247787610619469 0.06711409395973154 0.7787610619469026
24 0.5961968680089486 0.41150442477876104 0.06711409395973154 0.7433628318584071
24 0.6823266219239373 0.4557522123893805 0.058165548098434 0.8230088495575221
24 0.772930648769575 0.4026548672566372 0.05592841163310962 0.7345132743362832
24 0.860178970917226 0.4469026548672566 0.058165548098434 0.8230088495575221
24 0.9541387024608501 0.5 0.06935123042505593 0.911504424778761