24 0.583011583011583 0.8788659793814433 0.08494208494208494 0.211340206185567
24 0.6756756756756757 0.46649484536082475 0.11583011583011583 0.22164948453608246
24 0.5077220077220077 0.7654639175257731 0.07722007722007722 0.26804123711340205
24 0.8436293436293436 0.6520618556701031 0.0694980694980695 0.20618556701030927
24 0.6621621621621622 0.7551546391752577 0.1274131274131274 0.18041237113402062
24 0.8185328185328186 0.904639175257732 0.12355212355212356 0.14948453608247422
24 0.4420849420849421 0.9484536082474226 0.18146718146718147 0.0979381443298969
24 0.14092664092664092 0.770618556701031 0.11969111969111969 0.0979381443298969
24 0.3088803088803089 0.18814432989690721 0.138996138996139 0.10309278350515463
24 0.6042471042471043 0.2654639175257732 0.1274131274131274 0.09278350515463918
24 0.49034749034749037 0.5592783505154639 0.17374517374517376 0.08247422680412371
24 0.3938223938223938 0.7448453608247423 0.1274131274131274 0.10309278350515463
24 0.8513513513513513 0.17783505154639176 0.138996138996139 0.1134020618556701